OLD METHOD DELTA 2
1 160.6476180803984 0.016253085417149767 160.64761808039833 0.25684554545420407 464.81628784917535 9258.666642654627 625.4639059295737 9258.666642654627
2 254.76953651005533 0.017539057322611504 254.76953651005465 0.27009610668047973 688.4855871613271 13582.584653453026 943.2551236713817 13582.584653453026
3 392.89300425514375 0.020770036038362912 392.89300425514523 0.3033613135395934 902.2391919728572 17621.204950681997 1295.1321962280024 17621.204950681997
4 421.3895336557398 0.017982877655890357 421.38953365574025 0.2715308126287111 1130.5136539649764 21880.91672692239 1551.9031876207166 21880.91672692239
5 443.79171841640346 0.016084480416009895 443.79171841640186 0.24808411064270947 1345.0843094221982 25802.423593793545 1788.8760278386 25802.423593793545
6 529.4433238675483 0.0166685167626315 529.4433238675451 0.2533310441160389 1560.4834188850418 29673.146805248194 2089.926742752587 29673.146805248194
7 596.3119655365299 0.016705660346051036 596.3119655365313 0.2519856828930369 1770.1398054144965 33328.75291920592 2366.451770951028 33328.75291920592
8 720.3050146358219 0.018158381765192577 720.3050146358194 0.2664515624750502 1983.0194017982815 36964.58343736813 2703.324416434101 36964.58343736813
9 889.9385597514847 0.02058906963346005 889.9385597514893 0.2900637694282148 2178.1404406206407 40155.756539297574 3068.07900037213 40155.756539297574
10 1029.2821035394809 0.02200404584736322 1029.2821035394809 0.30203285523909995 2378.566035116377 43369.09964082813 3407.848138655858 43369.09964082813
11 1006.9005977159322 0.020106763345213323 1006.9005977159295 0.281055574429925 2575.6670128296423 46495.13910079532 3582.567610545572 46495.13910079532
12 1063.5955865263459 0.019877932123830912 1063.59558652634 0.2768558041750776 2778.0995142696875 49664.6545486849 3841.6951007960274 49664.6545486849
13 1220.0985721072357 0.021497925781928766 1220.0985721072338 0.2910694354960419 2971.6798261568647 52562.467778027705 4191.7783982640985 52562.467778027705
14 1277.944931785365 0.021379715042182362 1277.9449317853723 0.28785730462266695 3161.5635026472555 55334.203669024726 4439.508434432628 55334.203669024726
15 1376.2896057884209 0.021954530155417748 1376.2896057883713 0.2913452996432094 3347.622561230691 57964.2709116241 4723.9121670190625 57964.270911624146
16 1423.7542878411623 0.021724140404947214 1423.7542878411637 0.2869583221239309 3537.782555917896 60576.351482396865 4961.53684375906 60576.351482396865
17 1430.9233442676632 0.021040428478275894 1430.9233442676614 0.27815982469296996 3713.3254553104243 62864.03086759135 5144.248799578086 62864.03086759135
18 1603.9231318902675 0.022680396143015556 1603.9231318902716 0.2917047104265803 3894.524697576527 65220.03176746902 5498.447829466799 65220.03176746902
19 1722.5257587789529 0.02354822288799862 1722.5257587789629 0.29732005963401764 4070.980945408047 67355.35752101277 5793.50670418701 67355.35752101277
20 1684.7213740215084 0.022382925502223684 1684.7213740215202 0.28429375777976995 4241.2665448782 69342.16118225937 5925.98791889972 69342.16118225937
21 1756.202291669717 0.022678404503781124 1756.202291669717 0.28469874365851794 4412.4315038351715 71270.77740191462 6168.633795504888 71270.77740191462
22 1963.3204441646812 0.024654623400880055 1963.3204441646803 0.30002309887749995 4580.577180752221 73089.05446854723 6543.897624916901 73089.05446854723
23 2082.518156035396 0.025602301601397825 2082.5181560353976 0.30560365738739803 4731.923051372983 74526.6111892908 6814.44120740838 74526.6111892908
24 1990.4675867520564 0.023973279327413378 1990.4675867520482 0.28906273221890055 4895.468803154877 76142.65388209488 6885.936389906925 76142.65388209488
25 1948.4245957209787 0.023058333214902398 1948.4245957209796 0.2783677136846682 5051.038703848785 77500.3389004318 6999.463299569765 77500.3389004318
26 2195.3714480886847 0.025430063246140493 2195.3714480886874 0.29644119713852 5210.385475308305 78924.01059780158 7405.7569233969925 78924.01059780156
27 2357.914827314904 0.026812740581436557 2357.914827314913 0.3052920984202083 5365.556692309699 80216.61875773311 7723.4715196246125 80216.61875773311
28 2373.54731852081 0.026592272771724396 2373.54731852081 0.3008211204333787 5516.680984270407 81366.80282410842 7890.228302791217 81366.80282410842
29 2385.191699065719 0.026340139763263555 2385.1916990657273 0.2960915185243622 5670.39770434866 82497.90501624442 8055.589403414388 82497.90501624442
30 2342.614990615475 0.02554708748087021 2342.6149906154733 0.2869871078759344 5820.173254312221 83535.13984059819 8162.788244927694 83535.13984059819
31 2406.6028628782806 0.025970870584814832 2406.6028628782788 0.287648444966679 5959.869840136187 84298.99474902471 8366.472703014466 84298.99474902471
32 2454.21237156415 0.026212872038604555 2454.2123715641474 0.2867862414483012 6103.424003075418 85068.59305759324 8557.636374639565 85068.59305759324
33 2430.499457959595 0.025744102062750896 2430.499457959593 0.2801765382286068 6244.386288456673 85735.06695013869 8674.885746416267 85735.06695013869
34 2563.819625352553 0.026925639735789462 2563.8196253525484 0.2866315059052111 6380.834303236873 86273.86828704928 8944.653928589421 86273.86828704928
35 2722.114959328537 0.028319325388376816 2722.1149593285318 0.2944275516672824 6523.334197565098 86876.71907970507 9245.44915689363 86876.71907970507
36 2865.7082602911687 0.0296278546652297 2865.708260291175 0.301045582930954 6653.4756200730035 87204.26412730652 9519.183880364179 87204.26412730652
37 2936.4331890552276 0.030224456721305942 2936.433189055222 0.30223530187434555 6779.285560027389 87438.49037803349 9715.71874908261 87438.49037803349
38 2914.026906978441 0.029927071846658035 2914.0269069784335 0.2979269004829604 6866.986161175506 87589.91990883395 9781.01306815394 87589.91990883395
39 2890.7542445675062 0.029629145268269784 2890.754244567551 0.29472321608702323 6917.61539440244 87756.18102200543 9808.36963896999 87756.18102200539
40 2835.386387999475 0.02897268382710899 2835.386387999468 0.2890573917704525 6973.691216392386 88055.0486505075 9809.077604391854 88055.0486505075
41 2758.9258099682193 0.028205364216003705 2758.9258099682247 0.28214082129519685 7019.615973893779 88037.10026350453 9778.541783862003 88037.10026350453
42 2813.095318715583 0.02869370813505124 2813.095318715591 0.28464118950120715 7069.857052461389 88155.79903297505 9882.95237117698 88155.79903297505
43 2958.001444806694 0.030129440560085614 2958.0014448066877 0.2936765556285776 7114.309020955413 88104.13721529265 10072.3104657621 88104.13721529265
44 2953.2875424244703 0.030123768458197645 2953.2875424244676 0.2921136443425674 7156.776124992207 87928.38549018817 10110.063667416674 87928.38549018817
45 2856.024904209524 0.029217621834146154 2856.0249042095247 0.28409204511267777 7197.142558035876 87696.9136505074 10053.167462245401 87696.9136505074
46 2830.442542245859 0.028992742692258558 2830.4425422458607 0.2811166383025411 7238.127426920122 87557.32808019739 10068.569969165983 87557.32808019739
47 2968.7173801844037 0.03041225161462481 2968.7173801844265 0.28973989874550726 7277.42888078323 87369.69020530672 10246.146260967656 87369.6902053067
48 3073.5902291597304 0.03147325746157346 3073.590229159735 0.29566676611622045 7321.863644582608 87261.74709798291 10395.453873742343 87261.74709798291
49 3090.2581796147424 0.031729900593681616 3090.258179614738 0.29574005816606336 7358.9795691636255 86943.38314805817 10449.237748778363 86943.38314805817
50 3063.664172912817 0.03156308139485697 3063.664172912816 0.29284112042753924 7398.200501146478 86602.93500712849 10461.864674059294 86602.93500712849
51 2942.018686396783 0.030456027590307376 2942.0186863967847 0.28351483285535195 7434.92934403586 86221.94943487829 10376.948030432644 86221.94943487829
52 2976.72096214896 0.030937080958099106 2976.72096214905 0.28497934315667095 7468.671076362881 85773.15444234727 10445.39203851193 85773.15444234718
53 3116.7341133507725 0.032474507514158306 3116.734113350768 0.29342031431342214 7505.346094843587 85352.71208055496 10622.080208194355 85352.71208055496
54 3167.1645650361024 0.033130477955934004 3167.164565036105 0.2958539989058648 7537.9960099400605 84891.54555309922 10705.160574976166 84891.54555309922
55 3039.570296485952 0.03199093637672477 3039.5702964859556 0.2864366127936699 7572.097907660356 84401.81501160016 10611.668204146312 84401.81501160016
56 3130.3520051133237 0.033101525048742586 3130.352005113323 0.2915483608373951 7606.638578960686 83831.2204123627 10736.990584074008 83831.2204123627
57 3203.4471307606873 0.03403387726758034 3203.447130760649 0.29545980540172295 7638.796288458663 83283.00436182604 10842.243419219312 83283.00436182607
58 3199.066839862411 0.03425959808773238 3199.0668398624166 0.29578064659577363 7616.606452766486 82561.57041204632 10815.673292628902 82561.57041204632
59 3281.0102709231433 0.035337189033545345 3281.0102709231496 0.302613880767094 7561.222949199263 82006.41605439977 10842.233220122413 82006.41605439977
60 3206.9186844853393 0.034738958188596826 3206.918684485331 0.29917360378863267 7512.338107805182 81595.50599003209 10719.256792290513 81595.50599003209
61 3063.1812054120674 0.03347319696203736 3063.1812054120546 0.29107360929487835 7460.552680434097 80987.7285205109 10523.733885846152 80987.7285205109
62 3045.0044412949355 0.03359877012207906 3045.004441294949 0.2915694006175219 7398.493521268546 80184.95153815036 10443.497962563495 80184.95153815036
63 2958.5583656446834 0.03291449106981077 2958.5583656446815 0.2873221925539421 7338.447721308519 79589.18900473631 10297.0060869532 79589.18900473631
64 2964.936936627055 0.03320175036336609 2964.936936627053 0.2893525575696516 7281.860124820545 79053.82426659195 10246.797061447598 79053.82426659195
65 2909.8380938372866 0.03285626518505442 2909.8380938372984 0.2871891521473561 7222.292845231971 78430.52453769828 10132.13093906927 78430.52453769828
66 2920.3092837916483 0.033245617170431015 2920.309283791642 0.2895821925701953 7164.251710350817 77755.86828172012 10084.56099414246 77755.86828172012
67 3011.77616028623 0.03456250117988326 3011.7761602862383 0.2977444205272268 7103.530635230457 77024.68763403007 10115.306795516695 77024.68763403007
68 2995.059400903614 0.03458798629719837 2995.059400903613 0.29792395994531673 7058.040730597558 76539.37666574487 10053.10013150117 76539.37666574487
69 2958.874267613719 0.03443766492191705 2958.8742676137144 0.2968851033618495 7007.520927389988 75953.31725712055 9966.395195003703 75953.31725712055
70 2853.7238721520553 0.033455279075587124 2853.723872152057 0.29090725045554744 6956.0140002566095 75489.92038793642 9809.737872408667 75489.92038793642
71 2939.974307629993 0.03468396615113667 2939.974307630002 0.29881367485408433 6898.84685430524 74925.83045890149 9838.821161935242 74925.83045890149
72 2977.1002805242024 0.0353856088797439 2977.1002805242133 0.30316953334888413 6842.818784688054 74313.16143770402 9819.919065212267 74313.16143770401
73 2815.516433324956 0.03378422028558348 2815.516433324947 0.2932631059973859 6785.133548708742 73737.55967694143 9600.649982033689 73737.55967694143
74 2807.5139446692046 0.03395569881883188 2807.513944669191 0.2943537896269366 6730.3756412859575 73143.78219021673 9537.889585955149 73143.78219021673
75 2866.798691832082 0.03488456893486606 2866.7986918320757 0.3001184248676888 6685.426211040655 72627.33985496506 9552.224902872731 72627.33985496506
76 2755.3461762144143 0.03376816252833663 2755.346176214417 0.2931510742874508 6643.719417905318 72196.91031668855 9399.065594119735 72196.91031668855
77 2695.1880903131823 0.03328951259405829 2695.188090313178 0.29008726240167315 6595.768251579732 71671.120909855 9290.95634189291 71671.120909855
78 2722.394350653747 0.03390047008444663 2722.3943506537516 0.29384132985014944 6542.450564260341 71040.6595182757 9264.844914914092 71040.6595182757
79 2693.9429914169596 0.03382711419698366 2693.942991416964 0.29333028365039265 6490.049052949499 70454.57764648754 9183.992044366463 70454.57764648754
80 2536.4945974134607 0.03329116230562703 2536.4945974134644 0.28666142431033986 6311.904183538149 67342.83101533371 8848.398780951613 67342.83101533371
81 2503.175992452241 0.034309937842114106 2503.1759924522457 0.289699515443369 6137.418344135697 64317.159302350185 8640.594336587943 64317.159302350185
82 2489.4296171845854 0.03564870440447028 2489.429617184579 0.2944812796700715 5964.179454243206 61378.65156109089 8453.609071427785 61378.65156109089
83 2417.2471868691355 0.03622190282399041 2417.247186869129 0.29441377721624934 5793.126694831527 58524.0326075175 8210.373881700656 58524.0326075175
84 2404.852148734877 0.03770335602251099 2404.8521487346616 0.299481057108183 5625.212163032293 55753.43939806298 8030.064311766954 55753.4393980632
85 2323.725121808653 0.03818916601898942 2323.725121808656 0.29858259369980406 5458.795262299658 53065.23734522229 7782.520384108314 53065.23734522229
86 2240.193552249504 0.03862826724735567 2240.1935522494996 0.2973417819400396 5293.8756176905845 50459.56378036675 7534.069169940084 50459.56378036675
87 2174.8857443354646 0.039371486207760036 2174.8857443354545 0.2977538527058226 5129.421906334029 47935.81543888762 7304.307650669483 47935.81543888763
88 2141.1127890051503 0.04070504276083683 2141.1127890051484 0.30133210104731606 4964.379063882257 45495.18471648251 7105.491852887405 45495.18471648251
89 2087.581985946774 0.04173211124021427 2087.5819859467765 0.303017839590079 4801.721920288074 43134.09351860283 6889.303906234851 43134.09351860283
90 2045.9552569194566 0.04303546902880498 2045.9552569194566 0.30575566635712953 4645.516012593288 40849.668703890005 6691.471269512745 40849.668703890005
91 1998.2796442445906 0.044275970976185526 1998.2796442445924 0.3078104364328711 4493.636833318987 38640.45668528347 6491.916477563579 38640.45668528347
92 1889.9910636596614 0.04422101331500735 1889.9910636596514 0.303163468022698 4344.239848087759 36505.42885580142 6234.230911747411 36505.42885580143
93 1761.1031897108842 0.04358998006908177 1761.1031897108878 0.29570772219159364 4194.450411185073 34446.00627409992 5955.553600895961 34446.00627409992
94 1764.7108784538505 0.04611195283601999 1764.7108784538536 0.3037372698568149 4045.280365905977 32460.148489894942 5809.9912443598305 32460.148489894942
95 1733.2919644980793 0.04790839095515909 1733.2919644980752 0.3077805285793418 3898.2922442191934 30547.714029881303 5631.584208717269 30547.714029881303
96 1574.6049799267093 0.04626462128843556 1574.6049799267125 0.2954945408172105 3754.1059179871177 28706.042571910904 5328.71089791383 28706.042571910904
97 1558.3790788474253 0.0485384214631752 1558.3790788474257 0.3014092431116462 3611.9304403937626 26935.78358948765 5170.309519241188 26935.78358948765
98 1551.3394144317572 0.05127143568243812 1551.3394144317567 0.3089769551713386 3469.5509415220854 25236.491630389362 5020.890355953842 25236.491630389362
99 1456.8098256161647 0.051309501894298025 1456.809825616166 0.3042119591698447 3331.9888448621828 23603.794744622777 4788.798670478349 23603.794744622777
100 1368.30119029884 0.05143062753846438 1368.3011902988405 0.2997318238699692 3196.783599938322 22039.708030451315 4565.084790237162 22039.708030451315
101 1254.5624554872302 0.05046843785323387 1254.5624554872302 0.2905899709095413 3062.7319492731012 20541.06279534947 4317.294404760331 20541.06279534947
102 1158.1905313736097 0.049926527969198296 1158.1905313736088 0.28308821312670596 2933.08023748465 19106.62779296732 4091.2707688582586 19106.62779296732
103 1169.1144125504397 0.05385098432660126 1169.1144125504393 0.2939138416141297 2808.630923054861 17732.4318722962 3977.7453356053 17732.4318722962
104 1199.2956172001723 0.05906136810304564 1199.2956172001732 0.30888935239967097 2683.310267020816 16423.31752594681 3882.605884220989 16423.31752594681
105 1108.0088625554163 0.05881013497236392 1108.0088625554217 0.30247725255104585 2555.1058120544812 15177.326060241201 3663.114674609903 15177.326060241196
106 1031.7034031398234 0.059106397370207064 1031.7034031398225 0.2982543488329271 2427.4361104226464 13995.881415523283 3459.139513562469 13995.881415523283
107 951.4738047877308 0.05899222587855257 951.4738047877299 0.2924276550552773 2302.23284141806 12875.093218822733 3253.70664620579 12875.093218822733
108 872.1954757449475 0.05866229251593416 872.1954757449471 0.28555199047076907 2182.2237013268746 11813.65771419589 3054.4191770718217 11813.65771419589
109 855.2335092784087 0.06228792119914204 855.2335092784078 0.29299633866452296 2063.688662843474 10811.404555978796 2918.922172121882 10811.404555978796
110 835.5095392534749 0.06605253314407722 835.5095392534745 0.30052272064673746 1944.6780534031573 9868.979660793257 2780.1875926566318 9868.979660793257
111 765.3100554790562 0.06610770682051798 765.3100554790551 0.295217011352928 1827.0542936205204 8984.350262358183 2592.3643490995755 8984.350262358183
112 683.2532702985791 0.06474963875043147 683.2532702985793 0.28554818495440665 1709.5242233061306 8159.455437486757 2392.77749360471 8159.455437486757
113 667.4478475036121 0.06915269464884267 667.4478475036115 0.29547543063171233 1591.4467281862856 7392.903534172801 2258.894575689897 7392.903534172801
114 656.7408204995891 0.07449253638207592 656.7408204995877 0.3079291648400218 1476.025073373387 6683.430364113633 2132.7658938729746 6683.430364113633
115 618.7517126518524 0.07723144513701995 618.7517126518521 0.3123993826035162 1361.8914867527544 6031.012047419996 1980.6431994046065 6031.012047419996
116 554.6786538526549 0.07663308917783075 554.6786538526483 0.307039913112656 1251.857337606974 5431.573026506442 1806.5359914596222 5431.5730265064485
117 512.3213037818214 0.07829668401163438 512.3213037818214 0.30903481096964625 1145.4896793055893 4885.522368114202 1657.8109830874107 4885.522368114202
118 480.3139416262502 0.08124545415285013 480.3139416262502 0.31229218045307755 1057.7134945055302 4373.85953200083 1538.0274361317804 4373.85953200083
119 425.4859818361824 0.08011397343032753 425.485981836183 0.30014710185199506 992.1055231652332 3893.4168449490894 1417.5915050014162 3893.4168449490894
120 384.43564835314874 0.08079272802166432 384.4356483531484 0.2918195719192563 932.9388026638591 3440.9207293371387 1317.3744510170075 3440.9207293371387
121 399.43141577331426 0.09304578021728144 399.4314157733145 0.31351514119795365 874.610451063073 3018.8063938860014 1274.0418668363875 3018.8063938860014
122 370.6152746345988 0.09723514988404161 370.6152746345987 0.31285978840776807 813.9897413080529 2626.9309880289406 1184.6050159426516 2626.9309880289406
123 315.6311186465232 0.09465797978226112 315.6311186465231 0.29516357822124434 753.7119234341532 2265.094470451916 1069.3430420806762 2265.094470451916
124 300.1523779635895 0.10254316001068663 300.1523779635893 0.30118236140377935 696.4278220342146 1930.5031659947094 996.5801999978039 1930.5031659947094
125 257.0843583072069 0.10192947279383675 257.0843583072069 0.28583008741778826 642.3463511388401 1622.748119313202 899.430709446047 1622.748119313202
126 225.68755693878097 0.10466957052469678 225.6875569387812 0.27781257288968075 586.685888191082 1343.8172778035994 812.3734451298632 1343.8172778035994
127 210.1282016873431 0.1146439611226153 210.12820168734322 0.2836860949727828 530.5785351285842 1092.1695841845694 740.7067368159275 1092.1695841845694
128 180.34808474505667 0.11832579927120516 180.34808474505667 0.27536061267657436 474.60428114354283 869.212996660063 654.9523658885995 869.212996660063
129 168.1917032570675 0.13344721464626538 168.19170325706756 0.28624604532981895 419.385683404374 672.7839007801954 587.5773866614416 672.7839007801954
130 145.80952261366951 0.14365151496145567 145.80952261366951 0.28385283539281037 367.8704707952062 501.3425258648881 513.6799934088757 501.3425258648881
131 128.42055620874572 0.16028437571524767 128.42055620874572 0.28868993264265685 316.41849665738215 356.36540412280885 444.8390528661279 356.36540412280885
132 132.51047167255646 0.20905552578810815 132.51047167255643 0.33268577115048087 265.7947254938686 235.5478003710078 398.30519716642505 235.5478003710078
133 103.93897655234545 0.2258048824125762 103.93897655234545 0.3240699897761559 216.79105039072007 139.57435373208222 320.7300269430655 139.57435373208222
134 60.90979032575392 0.20545869708580816 60.9097903257539 0.26809695915680176 166.28335098149088 69.26444938951424 227.1931413072448 69.26444938951424
135 37.96967776386043 0.2138606262566925 37.96967776386042 0.24592983670164345 116.42264109057926 23.151712641503895 154.39231885443968 23.151712641503895
136 23.870362960525625 0.25629903962023076 23.870362960525625 0.25629903962023076 69.26444938951424 0.0 93.13481235003987 0
OLD METHOD DELTA 8
1 641.142772162093 0.061858748261134903 641.1427721620935 0.26063864061792 1818.7487107050565 7904.734219798664 2459.89148286715 7904.734219798664
2 1006.4615029904435 0.06587854110738411 1006.4615029904426 0.27198788538853086 2693.929422703643 11577.14081791085 3700.3909256940856 11577.14081791085
3 1361.0018138465439 0.06844554868784512 1361.0018138465434 0.2782487397903895 3530.311673761034 14993.132468893855 4891.313487607577 14993.132468893855
4 1695.3699007666219 0.06861956552202886 1695.36990076662 0.27707186271590645 4423.511620252189 18587.91876063496 6118.881521018809 18587.918760634962
5 2006.8965267924868 0.06883682126350654 2006.896526792485 0.27605227101033764 5263.090854392039 21884.4170488241 7269.987381184524 21884.4170488241
6 2366.323683440558 0.07042639671321768 2366.323683440556 0.27930334543847957 6105.91169106115 25127.718533071198 8472.235374501706 25127.718533071198
7 2679.0113868265944 0.07091477015038504 2679.011386826596 0.2789104714170148 6926.262209448872 28172.63051517216 9605.273596275469 28172.63051517216
8 3116.615728323879 0.0740918489505147 3116.615728323879 0.28656321084669145 7759.224611109079 31188.378228056696 10875.840339432958 31188.378228056696
9 3488.8772131031583 0.07613849825868181 3488.8772131031583 0.2904595239829785 8522.700735043632 33811.19624487236 12011.57794814679 33811.19624487236
10 3855.400570126825 0.07772504528249961 3855.4005701268197 0.2929116358389473 9306.932701763577 36440.732974182254 13162.333271890397 36440.732974182254
11 4134.124144920832 0.07770189952005344 4134.1241449208355 0.29088394710081256 10078.155996781377 38992.65011684173 14212.280141702213 38992.65011684173
12 4480.038071196861 0.078703765279797 4480.0380711968555 0.2918538582126266 10870.240656086502 41572.513406867205 15350.278727283358 41572.513406867205
13 4860.670163662864 0.08048157678605784 4860.67016366286 0.29479406407016173 11627.688172161732 43906.45943202135 16488.358335824592 43906.45943202135
14 5116.836850742897 0.08043746879061037 5116.836850742893 0.2925995394112248 12370.67136967025 46125.09580200726 17487.508220413143 46125.09580200726
15 5394.090694853519 0.08086367006132067 5394.090694853518 0.29168630381650285 13098.689474375444 48213.20399848274 18492.78016922896 48213.20399848274
16 5740.801704395766 0.0821817620094903 5740.801704395755 0.2931439945021238 13842.753858957814 50271.380179358064 19583.55556335357 50271.38017935807
17 6040.802232498725 0.08318583605903394 6040.802232498723 0.2936644174895475 14529.623984404914 52047.732338499816 20570.426216903637 52047.732338499816
18 6341.690824446079 0.08404460932327205 6341.690824446068 0.29386457796306314 15238.626437347823 53875.930027704264 21580.31726179389 53875.930027704264
19 6648.017864294605 0.08514982609826048 6648.017864294608 0.2944586034844775 15929.070343097712 55497.268123329726 22577.08820739232 55497.268123329726
20 6997.691721841562 0.08684033889939846 6997.691721841566 0.29659956574734003 16595.36952964586 56988.05819748371 23593.061251487426 56988.05819748371
21 7324.72120121889 0.08824122215527969 7324.721201219443 0.2978760321374139 17265.10950338877 58418.09940236032 24589.83070460821 58418.09940235976
22 7691.047153303072 0.0901005856699979 7691.047153303076 0.30026635146634884 17923.03552943475 59746.59611986481 25614.082682737826 59746.59611986481
23 7955.271187500264 0.09121573297306723 7955.271187500257 0.30053349271255086 18515.226711744464 60743.30752891725 26470.49789924472 60743.30752891725
24 8155.883437016448 0.0914398152027894 8155.883437016437 0.29862957263122675 19155.15399693528 61882.96868831403 27311.03743395172 61882.96868831403
25 8366.44581147693 0.09202206451003837 8366.445811476926 0.2974173821567858 19763.8731053458 62787.504498932765 28130.318916822725 62787.504498932765
26 8663.21936070617 0.09335605575861478 8663.219360706309 0.29821147894844324 20387.37047994856 63747.02559316505 29050.58984065487 63747.02559316491
27 8902.241005348456 0.09421914575247292 8902.241005348456 0.2977659734971411 20994.529605461204 64587.64584458793 29896.77061080966 64587.64584458793
28 9055.747997173734 0.09439045765476962 9055.747997173727 0.2955376830766702 21585.853787409622 65297.63002097554 30641.60178458335 65297.63002097555
29 9276.14295621711 0.09519416824416481 9276.142956217103 0.29482267941561363 22187.321708726326 65980.98101186112 31463.46466494343 65980.98101186112
30 9481.68566769574 0.09593255346077546 9481.685667695743 0.29395968836271297 22773.36848788091 66581.94460702351 32255.054155576654 66581.94460702351
31 9737.934254038366 0.09738245990561285 9737.934254038362 0.2945719678612984 23319.97795919554 66938.88662997438 33057.9122132339 66938.88662997438
32 10007.242784945818 0.09890606830110917 10007.242784945822 0.29560601938910963 23846.069152431108 67325.94790823554 33853.31193737693 67325.94790823554
33 10221.448102265102 0.10001328724269046 10221.448102265113 0.29589244289355354 24323.023538540696 67656.42970005222 34544.47164080581 67656.42970005222
34 10426.125340520783 0.1011451455116252 10426.125340520783 0.2964320455016855 24745.933479487932 67908.76911080332 35172.058820008715 67908.76911080332
35 10563.006000482885 0.1016034548604734 10563.006000482881 0.2957144931466243 25157.27908965445 68242.77418760571 35720.28509013733 68242.77418760571
36 10747.43810603999 0.10274288832143377 10747.438106039961 0.29664208825888 25482.882982654155 68374.85676474865 36230.321088694116 68374.85676474866
37 10850.315570399951 0.10326936955477294 10850.315570399951 0.2963956128041413 25757.228879220012 68460.54705882158 36607.54444961996 68460.54705882158
38 10795.084743928819 0.10256418582154957 10795.084743928775 0.2934817287119119 25987.732337421687 68469.17373258802 36782.81708135046 68469.17373258805
39 10751.839456977003 0.10198505674548393 10751.839456977003 0.29103778783656387 26191.26520617018 68482.53121024868 36943.10466314718 68482.53121024868
40 10755.58756263461 0.10167467926474089 10755.587562634613 0.28932569827655924 26419.0831517297 68609.6567151737 37174.670714364314 68609.6567151737
41 10840.890564079848 0.10237144059736629 10840.890564079851 0.2895625813160466 26597.961219906105 68458.75501748316 37438.851783985956 68458.75501748316
42 10982.064409731393 0.10340175232582965 10982.064409731389 0.2906782262421644 26798.764762461982 68426.8913229658 37780.82917219337 68426.8913229658
43 11185.086000816402 0.10511949900213477 11185.086000816376 0.2930987335118116 26976.409502082573 68242.036734153 38161.49550289895 68242.03673415304
44 11255.529430270748 0.10584405009613583 11255.529430270744 0.29316204445745236 27138.013127740374 67947.1484874241 38393.54255801112 67947.1484874241
45 11221.812893846538 0.10575056293436873 11221.812893846502 0.29135673800393913 27293.90145251189 67600.15475602221 38515.71434635839 67600.15475602225
46 11285.483628785616 0.10638559312082589 11285.483628785743 0.2912623165034645 27461.319473878943 67334.13603322287 38746.803102664686 67334.13603322273
47 11466.58992934684 0.10805945844073413 11466.58992934684 0.29334542576873346 27622.44614236892 67024.67294373114 39089.03607171576 67024.67294373114
48 11639.991071904282 0.1095800827035975 11639.991071904278 0.2950956140214357 27804.82111381242 66778.78962875923 39444.8121857167 66778.78962875923
49 11539.187482719339 0.10902322822105581 11539.187482719335 0.2921545979993567 27957.666449200446 66344.69626802887 39496.85393191978 66344.69626802887
50 11610.968013028294 0.10993974767942949 11610.968013028294 0.29227587690925927 28115.088532627255 65886.04697566979 39726.05654565555 65886.04697566979
51 11633.541527451991 0.11049002837673814 11633.54152745198 0.29157687602929794 28265.169529055227 65391.70924988526 39898.71105650721 65391.70924988527
52 11735.414771230913 0.111790086487501 11735.414771230906 0.2927103540428003 28356.828667192 64884.99685151125 40092.243438422905 64884.99685151125
53 11911.153552131153 0.11368944516935203 11911.15355213116 0.2953841492109621 28413.12784194007 64444.93033344027 40324.28139407123 64444.93033344027
54 11995.11663222107 0.1148686224070993 11995.116632221067 0.29677888857919144 28422.571733844543 64006.96982918865 40417.68836606561 64006.96982918865
55 11971.080559333568 0.11516745692806721 11971.080559333557 0.2965432534912601 28397.669760883644 63576.24315837129 40368.7503202172 63576.24315837129
56 11960.392611748546 0.11567306435377651 11960.392611748546 0.29691621897038845 28321.652785513368 63116.20620579644 40282.045397261914 63116.20620579644
57 11923.90800203928 0.1159397718999937 11923.90800203928 0.2971262239713211 28206.8749449085 62714.9257053385 40130.78294694778 62714.9257053385
58 11788.180252941776 0.11560852604872698 11788.180252941773 0.29616371776742373 28014.738017414984 62163.438847398225 39802.91827035676 62163.438847398225
59 11642.65570030918 0.11503430292707206 11642.655700309188 0.2950620691616949 27815.67160481446 61751.96739879819 39458.32730512365 61751.96739879819
60 11565.021760850977 0.11487724782849172 11565.021760850963 0.29500702618947033 27637.508125414344 61470.33597240503 39202.52988626531 61470.33597240504
61 11289.246408471095 0.11318955541670934 11289.246408471103 0.29157026687090476 27429.538362095074 61018.74283884563 38718.78477056618 61018.74283884563
62 11284.252713898379 0.11413487891433563 11284.252713898364 0.293281410147417 27191.601272981912 60391.843786451725 38475.853986880276 60391.843786451725
63 11171.194306666344 0.11387693603547112 11171.194306666333 0.2927823760058951 26984.08832701721 59943.5483990259 38155.28263368354 59943.5483990259
64 11105.292727141925 0.11396943109086904 11105.292727141932 0.2930657860782637 26788.22215820277 59547.4622332263 37893.5148853447 59547.4622332263
65 11171.126721173692 0.11537566275096678 11171.126721173692 0.29598281168619023 26571.35791005433 59081.45947287711 37742.48463122802 59081.45947287711
66 11134.419492748071 0.11591768127218692 11134.419492747955 0.29699790832745754 26355.472457843185 58564.64753422886 37489.89195059114 58564.64753422897
67 11109.762981268665 0.11665265092132529 11109.762981268654 0.2983859849047814 26123.0949386967 58005.12333055491 37232.857919965354 58005.12333055492
68 11004.535884960766 0.11632461596473742 11004.535884960751 0.2978724233975045 25939.252866760748 57658.1645295743 36943.7887517215 57658.1645295743
69 10886.6427242122 0.11600356896954464 10886.6427242122 0.2972324390984838 25740.05507913579 57220.7831053675 36626.69780334799 57220.7831053675
70 10715.468713681767 0.11502047368228425 10715.468713681777 0.2954086971507061 25557.900408606318 56888.03397956847 36273.369122288095 56888.03397956847
71 10656.296838068694 0.11522690948991392 10656.296838068734 0.2958606925384708 25361.657242408157 56463.02007080389 36017.95408047689 56463.020070803854
72 10632.167629486226 0.11583377460283337 10632.167629486241 0.29702856849536197 25162.933438888802 55993.04678350511 35795.10106837504 55993.04678350509
73 10439.712630045753 0.11476953068508931 10439.71263004575 0.29487181768075077 24964.527463690592 55558.16576196752 35404.24009373634 55558.16576196752
74 10298.730882237665 0.1142109455418703 10298.730882237662 0.2936448282378694 24773.335409681127 55100.82242181749 35072.06629191879 55100.82242181749
75 10269.573500867213 0.11463837125175184 10269.573500867209 0.2945074044280711 24600.767096546853 54711.998969454806 34870.34059741406 54711.998969454806
76 10106.427469472495 0.11362295490321812 10106.427469472499 0.29252719837423635 24442.248775473203 54398.38095912859 34548.6762449457 54398.38095912859
77 10020.418987099096 0.11349784241061835 10020.418987099085 0.29226020931353 24265.531230466837 54001.35793095999 34285.95021756592 54001.35793095999
78 10029.918472967249 0.11447975989797436 10029.918472966849 0.29414401280606295 24068.74760996255 53514.36247256354 34098.6660829294 53514.36247256393
79 9938.0912925515 0.11438513345621347 9938.091292551508 0.2938743839719928 23879.389354208914 53065.23734522229 33817.48064676042 53065.23734522229
80 9670.969915577894 0.11606226316710169 9670.969915577894 0.2942532808239359 23195.17141850783 50459.56378036675 32866.141334085725 50459.56378036675
81 9419.034045476525 0.11792422861511861 9419.034045476503 0.2949180955017788 22518.76220758418 47935.815438887614 31937.796253060682 47935.81543888763
82 9275.588107157142 0.12106211813541888 9275.588107157138 0.29802776877726234 21847.64629886043 45495.18471648251 31123.234406017567 45495.18471648251
83 9003.440038959467 0.12279550521740627 9003.440038959456 0.2982604244372705 21183.065783749986 43134.09351860282 30186.50582270944 43134.09351860283
84 8832.113746910378 0.12579429533585731 8832.113746910385 0.30081007756623857 20528.982857193736 40849.668703890005 29361.09660410412 40849.668703890005
85 8584.472496334507 0.12791929254047843 8584.472496334518 0.30154762877014196 19883.575922239277 38640.45668528347 28468.048418573795 38640.45668528347
86 8317.252661817402 0.12981368539055965 8317.252661817398 0.30172948468655003 19248.01054226665 36505.42885580142 27565.263204084047 36505.42885580143
87 8021.850564246233 0.1313182677186342 8021.850564246233 0.3011082910987732 18619.231071114013 34446.00627409992 26641.081635360246 34446.00627409992
88 7841.769988033295 0.13450412676980728 7841.7699880332875 0.3034601510541819 17999.41529046861 32460.148489894942 25841.185278501896 32460.148489894942
89 7580.25678439068 0.1365416622757915 7580.256784390676 0.3035945225422261 17388.101409016323 30547.714029881296 24968.358193407 30547.714029881303
90 7275.262178955272 0.13786622261074757 7275.262178955236 0.3023246318979943 16789.142144573198 28706.042571910868 24064.404323528433 28706.042571910904
91 7051.053877299666 0.14050081036278106 7051.053877299648 0.30327943319269185 16198.309929113446 26935.783589487633 23249.363806413094 26935.78358948765
92 6780.646336468002 0.14235988846016123 6780.646336467995 0.3027909174924077 15613.177073502731 25236.491630389355 22393.823409970726 25236.491630389362
93 6509.584058670091 0.1441767039721264 6509.584058670091 0.3021214952652542 15036.661940658287 23603.794744622777 21546.245999328377 23603.794744622777
94 6258.9564631053145 0.14635908867693187 6258.956463105309 0.3020050144081062 14465.720825356666 22039.708030451315 20724.677288461975 22039.708030451315
95 6003.043324445174 0.1484099968732319 6003.043324445178 0.30153944664468957 13904.943478749741 20541.06279534947 19907.98680319492 20541.06279534947
96 5652.436116028133 0.14830891618798117 5652.43611602813 0.2974033968220504 13353.520696934003 19106.62779296732 19005.956812962133 19106.62779296732
97 5438.865772492969 0.15113594574311945 5438.865772492967 0.2979523225803039 12815.282157591007 17732.4318722962 18254.147930083975 17732.4318722962
98 5277.12675330542 0.15528648028098005 5277.126753305425 0.3005222830824195 12282.72504596415 16423.31752594681 17559.851799269574 16423.31752594681
99 4988.49555620536 0.15626024109860104 4988.495556205362 0.29787481524255727 11758.45752924856 15177.326060241196 16746.953085453923 15177.326060241196
100 4757.490742016889 0.15861484090202696 4757.490742016886 0.29737846728433304 11240.610214862741 13995.881415523283 15998.100956879627 13995.881415523283
101 4483.159535382527 0.15961714790036824 4483.159535382527 0.29471473065334014 10728.70152580029 12875.093218822733 15211.861061182817 12875.093218822733
102 4261.385027461445 0.16202311508797904 4261.385027461445 0.294143506173459 10226.050316252955 11813.65771419589 14487.4353437144 11813.65771419589
103 4083.8305891704313 0.1658415541298209 4083.8305891704294 0.29564077836235075 9729.65823937372 10811.404555978796 13813.48882854415 10811.404555978796
104 3938.704035337545 0.17091114437761123 3938.704035337547 0.2989221891813688 9237.648132175074 9868.979660793257 13176.352167512621 9868.979660793257
105 3680.0262321027785 0.17186379135738375 3680.0262321027785 0.29610510939202817 8748.081609935874 8984.350262358183 12428.107842038653 8984.350262358183
106 3422.6616884405157 0.17246121501325906 3422.6616884405157 0.29287252169945827 8263.862088456533 8159.455437486757 11686.52377689705 8159.455437486757
107 3239.4652170496265 0.1758973736670462 3239.4652170496274 0.2938586905578703 7784.422526068428 7392.903534172801 11023.887743118055 7392.903534172801
108 3047.699105796254 0.17881800728337738 3047.699105796256 0.2941751866092674 7312.451051410254 6683.430364113633 10360.15015720651 6683.430364113633
109 2906.7431249118654 0.18418282014853443 2906.7431249118654 0.2981022974652698 6844.081171403777 6031.012047419996 9750.824296315643 6031.012047419996
110 2730.1822839043634 0.1877208690594044 2730.1822839043507 0.29961614298782224 6382.084687689759 5431.573026506436 9112.26697159411 5431.5730265064485
111 2563.830919415258 0.1916849183052952 2563.830919415257 0.3019926453364345 5925.882187865964 4885.522368114202 8489.71310728122 4885.522368114202
112 2374.9866862768386 0.19397200375719686 2374.9866862768395 0.3017731197408138 5495.120128792251 4373.85953200083 7870.106815069091 4373.85953200083
113 2224.0068457746806 0.19842398170566986 2224.00684577468 0.3040362280151874 5090.933417408643 3893.4168449490894 7314.940263183324 3893.4168449490894
114 2076.169064331581 0.2028375566105149 2076.1690643315806 0.3055569652263717 4718.534708149769 3440.9207293371387 6794.70377248135 3440.9207293371387
115 1955.990414043854 0.20922158544938213 1955.990414043854 0.30899895100280805 4374.097140285994 3018.8063938860014 6330.087554329848 3018.8063938860014
116 1790.0435184660487 0.21125261531118703 1790.0435184660487 0.30617127946403655 4056.4993760849425 2626.9309880289406 5846.542894550991 2626.9309880289406
117 1652.8698200382341 0.21510869747208403 1652.8698200382341 0.30502577402307485 3765.917576967753 2265.094470451916 5418.787397005987 2265.094470451916
118 1535.517242577419 0.22039577259263943 1535.5172425774185 0.30487256770275883 3501.069860511829 1930.5031659947094 5036.587103089248 1930.5031659947094
119 1397.6328745638043 0.22244124497680587 1397.6328745638039 0.2998950172307618 3262.774248800837 1622.748119313202 4660.407123364641 1622.748119313202
120 1280.8908578902708 0.2265158971791403 1280.8908578902706 0.2971261266612477 3030.042254197207 1343.8172778035994 4310.933112087478 1343.8172778035994
121 1182.2750944147338 0.23292885158096144 1182.2750944147333 0.2967913793373361 2801.247260764415 1092.1695841845694 3983.5223551791482 1092.1695841845694
122 1076.8032942821594 0.2383508352109439 1076.8032942821592 0.2951349979006786 2571.7077326768813 869.212996660063 3648.5110269590405 869.212996660063
123 951.0353818981812 0.23956505967049233 951.0353818981812 0.2884497081802043 2346.0224931059324 672.7839007801954 3297.0578750041136 672.7839007801954
124 851.9975422610187 0.2449022838046015 851.9975422610187 0.28613700527703195 2125.588462164142 501.3425258648881 2977.586004425161 501.3425258648881
125 763.8248194604643 0.2521773432538601 763.8248194604644 0.2858033372205745 1908.7290663290746 356.36540412280885 2672.553885789539 356.36540412280885
126 684.3556359699722 0.2617180076628838 684.3556359699724 0.28762765166536236 1694.9553656237804 235.5478003710078 2379.3110015937527 235.5478003710078
127 610.6794377054543 0.27342701838990197 610.6794377054543 0.2916534152188479 1483.1737655811212 139.57435373208222 2093.8532032865755 139.57435373208222
128 519.5778693570772 0.2788339715002386 519.5778693570771 0.28959867305238773 1274.5528284140646 69.26444938951424 1794.1306977711417 69.26444938951424
129 438.52091378199395 0.2864856836601119 438.52091378199384 0.2908853278275244 1069.0178715430861 23.151712641503895 1507.53878532508 23.151712641503895
130 363.10014757251747 0.2946492531317087 363.10014757251747 0.2946492531317087 869.212996660063 0.0 1232.3131442325805 0
NEW METHOD DELTA 2
1 325.86571595242276 0.02280516931789117 -40.98704872511803 -0.06553063787782042 666.4509546546917 13296.799599920803 625.4639059295737 13663.652364598345
2 -1111.6332331994563 -0.05501315201998059 -84.7574232771509 -0.08985630838373196 1028.0125469485326 20290.302041206098 943.2551236713817 19263.426231283793
3 -98.17722359691106 -0.0036228325718597886 -29.627542958182175 -0.02287607631442619 1324.7597391861846 25872.99265095274 1295.1321962280024 25804.442970314012
4 -125.82374476359837 -0.0038267145027073616 -67.74817558153563 -0.04365489814181193 1619.6513632022522 31386.53089134287 1551.9031876207166 31328.455322160808
5 -1610.4373657722754 -0.042356003886487886 -172.99033629203927 -0.09670336770125648 1961.8663641306393 37670.03709858913 1788.8760278386 36232.59006910889
6 -652.5650701866543 -0.014748182045870924 -150.3427214968542 -0.07193683798640799 2240.269464249441 42659.44879112279 2089.926742752587 42157.22644243299
7 -161.29708792534802 -0.003259082298899677 -131.61787681350415 -0.05561823757794551 2498.069647764532 47154.79381754402 2366.451770951028 47125.11460643218
8 -820.8276383696648 -0.015044048570775563 -113.17566221126481 -0.04186536455752228 2816.5000786453656 52565.946030180276 2703.324416434101 51858.29405402188
9 -441.8995341073605 -0.007408499442241571 -18.472757509978237 -0.006020952363918159 3086.551757882108 57002.99134460434 3068.07900037213 56579.564568006965
10 -101.05942607769248 -0.0015693129649672127 62.959702777001894 0.018474914437306707 3344.888435878856 61153.41254348193 3407.848138655858 60989.39341462724
11 -890.7341953173018 -0.013000341062227656 -54.429227384747264 -0.015192798378607153 3636.996837930319 65769.95482073646 3582.567610545572 64933.649852803894
12 -701.3899223627377 -0.009565811679436079 -70.17683422029495 -0.0182671535296369 3911.8719350163224 70112.09069390903 3841.6951007960274 69480.87760576658
13 -166.74592676467728 -0.0021439540300893923 35.284420191562276 0.008417529945326852 4156.493978072536 73785.20627349395 4191.7783982640985 73583.17592653772
14 -707.0666332724068 -0.008679507861169307 9.997113125991746 0.0022518513645462604 4429.511321306636 77741.46370194567 4439.508434432628 77024.39995554727
15 -632.9979946487729 -0.007398853445374034 32.02028683386561 0.006778340854307506 4691.891880185197 81494.63130890307 4723.9121670190625 80829.61302742043
16 -369.26035687708645 -0.004140323765780269 38.700139168789974 0.007800030592833247 4922.83670459027 84632.77181399807 4961.53684375906 84224.81131795219
17 -862.880339288793 -0.00935148206816198 -33.39124586149774 -0.006490985790624353 5177.640045439583 87957.28155953823 5144.248799578086 87127.79246611093
18 -324.66458184688236 -0.0033738201078507024 77.76189750106641 0.014142518018327223 5420.685931965732 91134.53376792224 5498.447829466799 90732.1072885743
19 -258.38338528854365 -0.0026026571460467446 150.34687878523255 0.025950928593312193 5643.159825401777 93891.98987580743 5793.50670418701 93483.25961173365
20 -822.818573290715 -0.00806596996261749 24.995122876518508 0.004217882860814094 5900.992796023202 96932.93877473049 5925.98791889972 96085.12507856326
21 -642.8978918025241 -0.006128597620083097 42.939830534918656 0.006960995247636374 6125.69396496997 99418.50952010254 6168.633795504888 98732.67179776508
22 -392.3893720204942 -0.003643407296100504 208.2173376937053 0.031818550599093366 6335.680287223196 101755.17377208712 6543.897624916901 101154.56706237291
23 -491.0475631097506 -0.004470151644839219 262.42791201902764 0.038510554868934344 6552.013295389353 103789.34855776558 6814.44120740838 103035.8730826368
24 -601.3632838936173 -0.0053656711051008514 114.9727912651797 0.01669675477015752 6770.963598641745 105906.46102302824 6885.936389906925 105190.12494786944
25 -648.9573847355932 -0.0056940880584021615 31.091371562064523 0.004441965080947794 6968.3719280077 107650.96632886695 6999.463299569765 106970.9175725693
26 -548.5894591700344 -0.004723796882351697 222.16091702007088 0.02999840790320816 7183.596006376922 109498.15345795499 7405.7569233969925 108727.40308176487
27 -150.4618447522662 -0.0012704251588091546 331.1189416438274 0.04287177609219965 7392.352577980785 111192.35445544758 7723.4715196246125 110710.77366905149
28 -220.54250296491955 -0.0018372801812005827 306.30632369005707 0.038820970944744314 7583.92197910116 112674.11138756241 7890.228302791217 112147.26256090743
29 -674.4296010051476 -0.005550639004600604 251.28097348854953 0.031193369088802277 7804.308429925838 114374.9786201319 8055.589403414388 113449.2680456382
30 -451.41660761952517 -0.0036656630638531263 166.0627364509437 0.020343874111169558 7996.72550847675 115602.01799640074 8162.788244927694 114984.53865233027
31 -503.7819860963791 -0.004061551110429481 205.41536142871882 0.024552206015649468 8161.057341585747 116379.56978053249 8366.472703014466 115670.37243300739
32 -625.0816209827171 -0.0049883594428173925 188.38155605176144 0.022013269529659794 8369.254818587804 117563.88211560129 8557.636374639565 116750.4189385668
33 -228.93145089851168 -0.0018105157561625561 138.4978797661497 0.0159653837312342 8536.387866650117 118137.97777574029 8674.885746416267 117770.54844507562
34 -402.2230863951845 -0.0031607885837064763 230.55031738766047 0.02577520821132746 8714.103611201761 118942.14983603473 8944.653928589421 118309.37643225188
35 -458.59887434255506 -0.0035735306727284763 321.002500808454 0.03472005473840141 8924.446656085176 119866.30222395576 9245.44915689363 119086.70084880474
36 87.8794592153572 0.0006799898362675167 440.4224673076369 0.04626683052274304 9078.761413056542 120069.78962752793 9519.183880364179 119717.24661943567
37 -76.99156215613766 -0.0005940693646664698 476.4315023255931 0.049037185475400806 9239.287246757018 120437.99467772622 9715.71874908261 119884.57161324448
38 -299.73477918852586 -0.002308492728544065 407.29161501818453 0.04164104599188072 9373.721453135755 120766.04941642612 9781.01306815394 120059.02302221941
39 -21.00609002285637 -0.00016130569838635248 382.9949469149906 0.039047768488791386 9425.374692055 120820.97515825761 9808.36963896999 120416.97412131977
40 -374.98151934923953 -0.0028751840920281 303.4393579875323 0.03093454555315907 9505.638246404322 121289.34677426323 9809.077604391854 120610.92589692646
41 -634.1658615999186 -0.004865216340712541 198.3983897695325 0.020289159074511384 9580.14339409247 121400.92118466522 9778.541783862003 120568.35693329577
42 -256.56534236544394 -0.001962595402341603 253.09033511129383 0.02560877818751977 9629.862036065686 121354.28070678274 9882.95237117698 120844.62502930601
43 -199.59669484384358 -0.001526215121122146 381.0215171170912 0.03782861126176198 9691.28894864501 121287.18162938418 10072.3104657621 120706.56341742325
44 -436.5730078078486 -0.003347488632976739 356.4507951894484 0.035257027741401825 9753.612872227226 121101.03041880307 10110.063667416674 120308.00661580577
45 -375.96435371917323 -0.0028888344584469764 252.87444123667774 0.02515370824034772 9800.293021008723 120719.63047161172 10053.167462245401 120090.79167665586
46 -265.454981155548 -0.002043142415560027 223.86186682990956 0.02223373006449424 9844.708102336073 120345.6014234238 10068.569969165983 119856.28457543833
47 -483.1165099199279 -0.0037244979361884946 334.88220321346853 0.03268372270745254 9911.264057754188 120285.04284644757 10246.146260967656 119467.04413331418
48 -176.17058789831935 -0.0013561072463774393 431.07593157572046 0.04146773549393221 9964.377942166622 120120.83071696296 10395.453873742343 119513.58419748892
49 -92.81610480236122 -0.00071719862807091 444.9281432876396 0.04257996171439939 10004.309605490724 119503.28947514357 10449.237748778363 118965.54522705356
50 -398.37819555682654 -0.0030920866312319946 394.6042111187144 0.037718344044074176 10067.26046294058 119169.09773387476 10461.864674059294 118376.11532719922
51 -339.29311634945043 -0.0026430285512985116 267.75524660874726 0.02580288981148379 10109.192783823897 118602.95358178644 10376.948030432644 117995.90521882824
52 -118.15706074322225 -0.0009246829068091371 305.19901678642236 0.02921853154588744 10140.193021725509 117759.13082943068 10445.39203851193 117335.77475190104
53 -350.58443672077556 -0.0027529159126350464 410.5219086263169 0.03864797672207574 10211.558299568038 117489.24236122977 10622.080208194355 116728.13601588269
54 -102.68541618088784 -0.0008087508280818608 457.34457466962886 0.04272187899158599 10247.816000306537 116822.79651454576 10705.160574976166 116262.76652369525
55 -166.5264368459175 -0.001320032303149991 324.78191942124613 0.03060611330594973 10286.886284725066 116032.94446788321 10611.668204146312 115541.63611161606
56 -290.26926192987594 -0.00231656818063271 400.6301928304056 0.037313080391879395 10336.360391243603 115255.31996517713 10736.990584074008 114564.42051041685
57 33.30378066460253 0.0002664256863135953 468.42548047385935 0.04320374136255908 10373.817938745453 114595.01724628427 10842.243419219312 114159.89554647502
58 83.85129662326653 0.0006767812622831074 478.26551208798446 0.04421967076371768 10337.407780540918 113475.93089585005 10815.673292628902 113081.51668038534
59 -201.57852890486538 -0.0016387939854032739 565.1454058515319 0.05212444653954337 10277.08781427088 112928.68202868802 10842.233220122413 112161.95809393164
60 66.09672491387755 0.0005394955084341496 519.1235178461411 0.04842905883358484 10200.133274444372 112249.5720426624 10719.256792290513 111796.54524973014
61 -258.72335357502743 -0.0021346059940532906 393.6134919510514 0.037402455841309336 10130.1203938951 111332.86936565554 10523.733885846152 110680.53252012946
62 -263.51536102531827 -0.0021950781463942384 394.7162211983159 0.0377954036677408 10048.78174136518 110263.01593625272 10443.497962563495 109604.78435402909
63 4.6656900713423965 3.911355719853665e-05 341.4383600633955 0.03315899370944475 9955.567726889805 109325.51826396634 10297.0060869532 108988.74559397428
64 -43.53284623268701 -0.00036733143544580575 360.5669558937079 0.035188259680705485 9886.23010555389 108668.38573539742 10246.797061447598 108264.28593327102
65 -383.4594705882191 -0.0032653927843390683 313.980078995015 0.030988553235560237 9818.150860074255 107996.65482629034 10132.13093906927 107299.21527670711
66 -204.918091709711 -0.001757964850784144 352.40567263685625 0.03494506829216943 9732.155321505603 107038.28546441888 10084.56099414246 106480.96170007231
67 132.90255031577544 0.001150123747551105 478.7147749252381 0.04732577909919786 9636.592020591457 105785.5060094716 10115.306795516695 105439.69378486215
68 -179.86271386034787 -0.0015675437029098631 463.2782099997785 0.046083119031919945 9589.821921501392 105331.79473929202 10053.10013150117 104688.6538154319
69 -22.036753386317287 -0.00019321910384642778 449.2217304405767 0.0450736421395148 9517.173464563126 104555.45635974588 9966.395195003703 104084.19787591898
70 -4.0363430565048475 -3.564559388445067e-05 367.8200851137881 0.03749540404625248 9441.917787294879 103797.51784772241 9809.737872408667 103425.66141955213
71 -167.0738542041654 -0.001485540383406171 458.2849309598332 0.04657925206861785 9380.53623097541 103253.25752557468 9838.821161935242 102627.89874041069
72 -69.57029557526403 -0.0006235121917785212 521.0172151609131 0.053057180176428555 9298.901850051354 102348.75223057394 9819.919065212267 101758.16471983776
73 -105.355127995761 -0.0009521225425917336 382.9955950959793 0.039892673497388564 9217.65438693771 101540.60862093887 9600.649982033689 101052.25789784713
74 -49.164078754300135 -0.00044763974834636686 388.8701657866586 0.04077109116038442 9149.01942016849 100729.7094725192 9537.889585955149 100291.67522797825
75 112.29848236643011 0.001028414042128676 466.6253805331344 0.04884991562466266 9085.599522339597 99997.89062337186 9552.224902872731 99643.56372520515
76 -280.95943575429555 -0.0025944795321551136 367.583145654713 0.03910847753681826 9031.482448465022 99540.72857442961 9399.065594119735 98892.1859930206
77 -402.9612966030836 -0.003751029171167306 316.8396655622673 0.03410194321263116 8974.116676330643 98855.70754645001 9290.95634189291 98135.90658428465
78 -114.91000715816335 -0.001078298394089042 375.5379631114356 0.040533648059981345 8889.306951802657 97791.659156404 9264.844914914092 97301.2111861344
79 -45.6302099073655 -0.0004317074140560669 371.6933014751212 0.04047186666533764 8812.298742891342 96930.4041177984 9183.992044366463 96513.08060641593
80 -652.306281496858 -0.0064888358964369465 277.37091570679695 0.03134701798294931 8571.027865244816 92608.75235884979 8848.398780951613 91679.07516164613
81 -375.73101810405205 -0.003908273108350207 323.4199471269876 0.0374302894602389 8317.174389460955 88195.9062169524 8640.594336587943 87496.75525172136
82 475.8612308093143 0.005163708526505786 403.4111507057469 0.04772058268807693 8050.197920722038 83628.87724092287 8453.609071427785 83701.32732102645
83 69.83232086741191 0.0007974767865600005 392.44318640709025 0.04779845498653485 7817.930695293566 79678.82455642648 8210.373881700656 79356.2136908868
84 -88.95936256581626 -0.0010639498047706815 428.6356499732674 0.05337885642399661 7601.428661793687 76099.89865923059 8030.064311766954 75582.30364669151
85 584.4057616662612 0.007310498288209852 434.2837739722472 0.05580245891280187 7348.236610136067 72007.9770807421 7782.520384108314 72158.09906843612
86 152.25042667124944 0.002010316539577904 407.31028365837756 0.05406245608727491 7126.7588862817065 68455.54476041536 7534.069169940084 68200.48490342824
87 -89.19592629948602 -0.0012376478954254893 386.5257319129414 0.05291750435477811 6917.781918756542 65240.3171496773 7304.307650669483 64764.595491464876
88 593.8389171090457 0.008632091779231367 436.15701792866366 0.06138308606341246 6669.334834958741 61531.1500684701 7105.491852887405 61688.831967650476
89 252.39062031952926 0.003881918178821475 441.00399510363695 0.06401285254734174 6448.299911131214 58316.29558033624 6889.303906234851 58127.68220555213
90 13.454041156168387 0.0002180476936340409 438.0760038129274 0.06546781509902933 6253.395265699817 55435.43670195134 6691.471269512745 55010.814739294576
91 626.8651552305673 0.010669219377715727 466.4401711212049 0.07184937956815185 6025.476306442374 52102.20589910864 6491.916477563579 52262.630883218
92 326.71280268500414 0.005904000724231075 413.07859470761014 0.0662597520937554 5821.1523170398 49189.66242225472 6234.230911747411 49103.29663023211
93 -49.68893718867912 -0.0009516594035256858 317.9288094346557 0.05338358626926405 5637.624791461305 46625.006091756266 5955.553600895961 46257.38834513293
94 508.21401402737683 0.010243872992933487 393.15775304215003 0.067669250521473 5416.8334913176805 43686.46313891588 5809.9912443598305 43801.51939990111
95 415.1998284050933 0.008896010370397282 418.7050870549292 0.07434943197809335 5212.8791216623395 41044.50922347256 5631.584208717269 41041.00396482272
96 33.51880324356898 0.0007646577855877021 290.43668180372424 0.05450411691830177 5038.274216110106 38763.24518379107 5328.71089791383 38506.327305230916
97 431.78544868528115 0.010411295087487992 337.3564533041099 0.06524879256234963 4832.9530659370785 36208.05089888577 5170.309519241188 36302.479894266944
98 383.5877204056742 0.009863423979014102 385.027418015492 0.07668508784680413 4635.86293793835 33870.4643672915 5020.890355953842 33869.024669681676
99 121.46853333104809 0.003334853539354874 321.48364191121254 0.06713241963857708 4467.315028567136 31835.164865697865 4788.798670478349 31635.1497571177
100 357.7883110402945 0.010453450960854498 291.2787196005538 0.06380576330662666 4273.806070636609 29595.218599043077 4565.084790237162 29661.72819048282
101 213.48313668536866 0.006703054959916599 227.01311490865692 0.05258226417414293 4090.2812898516745 27544.868467265882 4317.294404760331 27531.338489042595
102 9.18627692282098 0.00030960545327688685 162.616405877719 0.039747162939083584 3928.6543629805396 25733.073827502656 4091.2707688582586 25579.643698547756
103 299.95269953118986 0.010777534448503484 227.1220300437044 0.057098182734502 3750.6233055615958 23780.71518348141 3977.7453356053 23853.545852968895
104 301.2948449431533 0.011641573370179579 303.0035375814696 0.07804128119541667 3579.6023466395195 22000.041351907832 3882.605884220989 21998.332659269516
105 107.99660636125918 0.004507080733411358 242.25089192153428 0.06613248927221542 3420.8637826883687 20432.682070279203 3663.114674609903 20298.427784718926
106 266.69103417043516 0.011978026066462392 219.2963142057547 0.06339620398250653 3239.843199356714 18758.489459913526 3459.139513562469 18805.884179878205
107 178.25093088108042 0.008705070453895273 185.50540338093333 0.05701356131698435 3068.2012428248568 17230.2265418946 3253.70664620579 17222.972069394746
108 48.9995512327223 0.0025987723887085762 135.6747231756758 0.04441915641249444 2918.744453896146 15887.13972598232 3054.4191770718217 15800.464554039367
109 203.79944563477875 0.011694618561964033 167.17937319295288 0.05727435105658315 2751.742798928929 14471.229270466536 2918.922172121882 14507.849342908361
110 182.45809218175418 0.011415815256097311 187.9804822744618 0.0676143159443552 2592.20711038217 13208.257443657189 2780.1875926566318 13202.735053564482
111 97.34100225478869 0.006664822570218777 150.15402495360922 0.05792165171757716 2442.2103241459663 12065.63901876299 2592.3643490995755 12012.82599606417
112 131.9741854468375 0.009897042603729414 112.83481805001838 0.047156418994911714 2279.9426755546915 10922.792378009613 2392.77749360471 10941.931745406433
113 128.81138574547185 0.010609062163102832 136.777292893099 0.06055054289168203 2122.117282796798 9890.708713267395 2258.894575689897 9882.742806119768
114 127.6857721630804 0.011534795304392118 159.78652531103944 0.07491986146725027 1972.9793685619352 8968.952376844745 2132.7658938729746 8936.851623696786
115 184.13984818093286 0.018291645438249734 165.23053082064234 0.08342266334002593 1815.4126685839642 8067.3301375357 1980.6431994046065 8086.23945489599
116 136.53361655071694 0.015047704129775182 136.40524342805338 0.075506518592991 1670.1307480315688 7266.720875665444 1806.5359914596222 7266.849248788108
117 104.17298975348785 0.012718894250745795 125.61305169051161 0.07577043038801515 1532.197931396899 6554.041523498996 1657.8109830874107 6532.601461561972
118 133.76682000021083 0.01807509249998229 123.1195352715913 0.08005028543654812 1414.907900860189 5851.941347928288 1538.0274361317804 5862.588632656908
119 86.71991650608015 0.013101028270572839 92.20689102552478 0.06504475421883447 1325.3846139758914 5207.216847586343 1417.5915050014162 5201.729873066898
120 51.398000086026514 0.008690922600578953 70.11151069526295 0.0532206394629387 1247.2629403217445 4615.325692335063 1317.3744510170075 4596.612181725826
121 119.99103721207257 0.022547412619912166 105.2185374091639 0.08258640484903003 1168.8233294272236 4032.906543639588 1274.0418668363875 4047.6790434424965
122 95.7439998351274 0.020404248128341594 97.35213101758609 0.08218108965216389 1087.2528849250655 3509.3592968007706 1184.6050159426516 3507.7511656183124
123 46.67820473218808 0.011400618437240079 61.50456918836073 0.05751621955540862 1007.8384728923155 3039.8405705501996 1069.3430420806762 3025.014206094027
124 78.13238030887032 0.021788878335887867 66.14579746061827 0.0663727790906984 930.4344025371856 2577.3167630811618 996.5801999978039 2589.303345929414
125 37.761632551224466 0.012329218506545002 41.605726144063624 0.04625784477571185 857.8249833019834 2167.189222792088 899.430709446047 2163.3451291992487
126 14.574022066103453 0.005597046253112334 27.78132346106861 0.03419772473806992 784.5921216687946 1804.711224260644 812.3734451298632 1791.503922865679
127 44.58323202917609 0.020192336314920956 33.26461833132805 0.04490929632194586 707.4421184845994 1455.903010714622 740.7067368159275 1467.22162441247
128 20.167119275162804 0.011131777682625778 22.119035439988465 0.033771975783275024 632.833330448611 1158.6705924170678 654.9523658885995 1156.718676252242
129 15.685031179010707 0.010577220838458136 26.200281360435156 0.0445903500631681 561.3771053010064 905.8445191114857 587.5773866614416 895.3292689300612
130 31.522874000026604 0.026529011709221888 23.793870396489694 0.04632041485320298 489.886123012386 666.8325532398637 513.6799934088757 674.5615568434007
131 22.42377752525607 0.02443334578061537 23.546545827322632 0.05293273078343877 421.29250703880524 474.0367618912618 444.8390528661279 472.91399358919523
132 36.29565415005442 0.05105899411125019 42.09667140421868 0.10568948560977301 356.20852576220636 318.35303108119155 398.30519716642505 312.5520138270273
133 36.76037459411285 0.07212521737191172 32.79889233478622 0.10226324191532127 287.9311346082793 184.98285898091578 320.7300269430655 188.9443412402424
134 5.722163121108025 0.017978722546631295 6.341914506535147 0.027914198773979076 220.85122680070964 91.70078702632136 227.1931413072448 91.08103564089424
135 -4.680806207620975 -0.02540278089635212 -2.3581989064470292 -0.015274068839333436 156.7505177608867 32.1938234793553 154.39231885443968 29.87121617818136
136 2.053776709145623 0.022051654556694278 2.053776709145623 0.022051654556694278 91.08103564089424 0.0 93.13481235003987 0
NEW METHOD DELTA 8
1 -131.13736421970498 -0.009480645684069342 -147.8200931086708 -0.06009211956633862 2607.711575975821 11355.538978599647 2459.89148286715 11372.221707488612
2 -1551.2394367180386 -0.07847592144178653 -322.0509362358248 -0.08703159820213249 4022.4418619299104 17295.87272622485 3700.3909256940856 16066.684225742636
3 -1082.093636536687 -0.04143466748229897 -292.2507088792463 -0.059748922169818024 5183.564196486824 22014.188193651808 4891.313487607577 21224.345265994365
4 -800.9184408582078 -0.02486917807882647 -218.54448065294127 -0.03571640991939865 6337.42600167175 26668.756252875057 6118.881521018809 26086.38229266979
5 -2096.8468385100277 -0.055863691894834325 -406.4689169562089 -0.055910539543465004 7676.4562981407325 31955.4471645793 7269.987381184524 30265.06924302548
6 -1349.3396273643957 -0.030983418970704727 -293.56588127958094 -0.03465034531064914 8765.801255781287 36133.91699959107 8472.235374501706 35078.14325350626
7 -917.7836881163676 -0.018832095737039374 -169.2568362672282 -0.017621240516549064 9774.530432542697 39878.333032767594 9605.273596275469 39129.80618091846
8 -1488.0429835848263 -0.02761034351056529 -144.65532873814118 -0.013300611651465562 11020.4956681711 44361.95044065613 10875.840339432958 43018.562785809445
9 -1254.0435842861116 -0.021314403626303626 -65.58495883407159 -0.005460145129740458 12077.162906980862 48012.380195505444 12011.57794814679 46823.921570053404
10 -993.7693552679266 -0.015648794343533997 74.34197460204268 0.005648084808854377 13087.991297288354 51410.30968207539 13162.333271890397 50342.19835220542
11 -1561.649750483164 -0.023017802361562728 -18.682676817905303 -0.0013145446495306467 14230.962818520118 55175.98884014836 14212.280141702213 53633.0217664831
12 -1249.7963211939204 -0.017173626090184926 43.77543933676861 0.0028517683694539563 15306.503287946589 58717.459340979185 15350.278727283358 57423.8875804485
13 -975.4829125965043 -0.012674169867285978 224.6897396733948 0.013627174706969268 16263.668596151198 61678.031655411134 16488.358335824592 60477.85900314123
14 -1341.8124252414564 -0.01660059787968727 155.5682362151383 0.008895963578935948 17331.939984198005 64839.03503905551 17487.508220413143 63341.65437759892
15 -1467.5638564840337 -0.01732273233813483 134.18876241633552 0.007256278460478254 18358.591406812626 67827.93178227569 18492.78016922896 66226.17916337532
16 -1001.5539818694815 -0.011310086106268684 321.31552672407634 0.016407415174665704 19262.240036629493 70293.36848195693 19583.55556335357 68970.49897336337
17 -1261.5985833690938 -0.013731935907796944 311.18314968319464 0.015127695770711914 20259.243067220443 72875.67853776009 20570.426216903637 71302.89680470781
18 -1110.1172206509073 -0.011630950062549227 370.07612433566464 0.01714878052283563 21210.241137458226 75344.97856243039 21580.31726179389 73864.78521744383
19 -911.1726206830208 -0.009238854968696657 496.3437820144245 0.021984401950111032 22080.744425377896 77454.40527582874 22577.08820739232 76046.88887313129
20 -1295.324252186052 -0.012756962956189206 503.4593588539683 0.02133929774891877 23089.60189263346 79744.32967812355 23593.061251487426 77945.54606708355
21 -1006.2334388212766 -0.009625530688764015 621.0105659779947 0.025254771919255847 23968.820138630217 81575.38334644146 24589.83070460821 79948.13934164219
22 -796.7165215222485 -0.007425536378831869 823.6210421839678 0.032155008336060116 24790.461640553858 83300.39241875825 25614.082682737826 81680.05485505202
23 -993.9729224959301 -0.00909004716268338 833.5612319598185 0.031490198451597784 25636.936667284903 84704.42518586533 26470.49789924472 82876.89103140958
24 -730.7003719034838 -0.0065272153053202876 817.3847002151451 0.029928731275473748 26493.652733736573 86183.77188792393 27311.03743395172 84635.6868158053
25 -834.7843852067745 -0.007336535204490135 864.2402722336337 0.030722732820380277 27266.07864458909 87353.25961229632 28130.318916822725 85654.2349548559
26 -817.2144022759603 -0.0070531884656355685 942.3752269141623 0.03243910819309268 28108.214613740707 88573.53485059678 29050.58984065487 86813.94522140667
27 -535.8574462415272 -0.004539285627224843 971.7263046127009 0.03250271801133456 28925.04430619696 89659.6627272276 29896.77061080966 88152.07897637336
28 -665.6085137090267 -0.005565641089119552 966.9783211860631 0.03155769492678993 29674.623463397285 90583.40990326281 30641.60178458335 88950.82306836772
29 -979.318954809889 -0.00808019152315518 926.5057288651224 0.029447034480517158 30536.958936078307 91642.32811397809 31463.46466494343 89736.50343030308
30 -593.2158622531133 -0.004822676457082405 965.199241709619 0.029923969033012563 31289.854913867035 92308.88859101663 32255.054155576654 90750.4734870539
31 -380.490815510886 -0.0030645167348344504 1125.0542088859947 0.03403282704694242 31932.85800434791 92607.7691177577 33057.9122132339 91102.22409336083
32 -499.5170497269428 -0.003982321886166332 1156.9836112061384 0.03417637876454653 32696.32832617079 93236.80860801347 33853.31193737693 91580.3079470804
33 58.98649378096161 0.00046543780927989285 1290.9895089989877 0.03737181226630778 33253.48213180682 93420.88351059386 34544.47164080581 92188.88049537582
34 -199.94985680851096 -0.0015687718157199348 1360.5689589454923 0.038683233356003904 33811.48986106322 93844.76358617582 35172.058820008715 92284.24477042182
35 -271.30066377347976 -0.0021109697212283144 1293.2399152770595 0.036204635881647365 34427.04517486027 94363.7037051659 35720.28509013733 92799.16312611537
36 154.49411542453163 0.0011948219412630874 1437.3144203685151 0.03967158935328999 34793.0066683256 94355.54437225913 36230.321088694116 93072.72406731515
37 -34.57709946256364 -0.00026671072243696694 1456.366838232374 0.0397832430480732 35151.17761138759 94526.10431309533 36607.54444961996 93035.16037540039
38 -412.48734514354146 -0.0031796499081544996 1263.8411373254494 0.03435955257397181 35518.97594402501 94620.79492553434 36782.81708135046 92944.46644306535
39 -237.19415222181124 -0.001824441909096275 1214.7353086940857 0.03288124589880104 35728.3693544531 94517.9804958549 36943.10466314718 93066.05103493901
40 -397.37038272018253 -0.003047374630459802 1122.2488868210057 0.030188536044984202 36052.42182754331 94742.56319313344 37174.670714364314 93222.94392359225
41 -695.8726769757632 -0.005341149418579523 1094.1088437674262 0.02922388886497365 36344.74294021853 94636.32163854648 37438.851783985956 92846.34011780328
42 -183.19964106705447 -0.0014005987779804705 1238.2848564671367 0.03277548120565105 36542.544315726234 94441.59842712678 37780.82917219337 93020.1139295926
43 -98.67697584700363 -0.0007539511878124324 1372.42486410548 0.0359636027367225 36789.07063879347 94189.39993922562 38161.49550289895 92718.29809927315
44 -293.0354972323403 -0.002244423166840383 1364.7341323666042 0.03554592885781626 37028.808425644515 93825.83486539125 38393.54255801112 92168.06523579231
45 -155.00303092118702 -0.001188993406909179 1311.7305443435325 0.034057022350607265 37203.98380201486 93315.9396905947 38515.71434635839 91849.20611532999
46 -5.7122136583784595 -4.38777994963926e-05 1356.509803774934 0.03500959292514237 37390.29329888975 92800.0162268578 38746.803102664686 91437.7942094245
47 -175.72361585624458 -0.0013515061339675538 1427.927878329181 0.036530137906429686 37661.10819338658 92535.19871081992 39089.03607171576 90931.5472166345
48 72.72223797353217 0.000558723064144516 1565.8891327682795 0.03969822762485611 37878.92305294842 92206.28560616783 39444.8121857167 90713.11871137308
49 135.61049203254515 0.0010460284999077797 1452.3024142439463 0.03677007836490626 38044.551517675834 91463.0475629762 39496.85393191978 90146.3556407648
50 -167.20173150445044 -0.0012954429709113985 1427.613027885418 0.03593643950651684 38298.44351777013 90937.91467904516 39726.05654565555 89343.0999196553
51 13.878834871211438 0.00010781685249424296 1430.0647479307954 0.03584237961736264 38468.64630857641 90243.50005704243 39898.71105650721 88827.31414398285
52 299.8690778607124 0.0023390870957100663 1556.000029847426 0.03881050039609941 38536.24340857548 89363.08044258233 40092.243438422905 88106.94949059562
53 94.89294702275947 0.0007425363433134945 1626.9571860781725 0.04034683644275381 38697.32420799306 89003.47645280026 40324.28139407123 87471.41221374483
54 324.8587223945942 0.0025500021251899287 1738.8310102491596 0.04302153538570675 38678.85735581645 88391.7551590524 40417.68836606561 86977.78287119784
55 409.8597058164596 0.003234125360314835 1740.0725004875712 0.043104443082453314 38628.67781972963 87691.15293288458 40368.7503202172 86360.94013821348
56 385.27405727071164 0.00305828997901859 1750.444601946605 0.04345471002486849 38531.60079531531 87060.07956111764 40282.045397261914 85694.90901644174
57 380.33645965850155 0.003034215979796223 1768.8655011531228 0.04407752282061213 38361.91744579466 86606.91773922484 40130.78294694778 85218.38869773022
58 490.718894054502 0.003947730296546417 1719.504993880044 0.04320047545761604 38083.41327647671 85729.92539991539 39802.91827035676 84501.13930008985
59 79.65177793342446 0.0006460762098729467 1585.991678042883 0.04019409301815342 37872.33562708076 85333.43421589378 39458.32730512365 83827.09431578431
60 340.7500495673594 0.0027750532282806435 1617.9009005626212 0.04127031865689506 37584.628985702686 84865.07633141131 39202.52988626531 83587.92548041606
61 103.12811827751284 0.0008483294529578854 1415.9491951578675 0.036570083579541085 37302.83557540831 84160.1541841436 38718.78477056618 82847.33310726324
62 112.02206231665332 0.0009302317644348299 1483.635394484707 0.03856016802097767 36992.21859239557 83319.57908521385 38475.853986880276 81947.96575304579
63 396.72530931732035 0.0033149445582875805 1489.5682636247075 0.039039633854257294 36665.714370058835 82615.37162081011 38155.28263368354 81522.52866650272
64 297.9708644726052 0.0025070625110681045 1468.8845385375898 0.038763480848425604 36424.63034680711 82129.98549413042 37893.5148853447 80959.07182006544
65 154.83932961283426 0.0013125353525635713 1564.540504753044 0.04145303416136382 36177.94412647498 81636.86155988122 37742.48463122802 80227.160384741
66 329.4402301486407 0.002813326771044727 1628.9508760544122 0.04345040199639004 35860.94107453673 80909.49971137708 37489.89195059114 79609.98906547132
67 692.6704664699791 0.005965395060755659 1741.721000560894 0.046779138048033964 35491.13691940446 79930.96111065426 37232.857919965354 78881.91057656334
68 366.0275599350425 0.003174907097886757 1644.4238090330982 0.044511509636554855 35299.3649426884 79622.25171810771 36943.7887517215 78343.85546900965
69 318.584758801866 0.0027850456869692296 1608.2320698020048 0.043908737785665154 35018.465733545985 79054.16409076353 36626.69780334799 77764.51677976339
70 330.03829025500454 0.002906047539431075 1527.4794654952348 0.04211021756334948 34745.88965679286 78493.5459782194 36273.369122288095 77296.10480297917
71 127.49447100843827 0.0011306581630314773 1475.4435995056338 0.04096411462486096 34542.51048097126 78091.28327558238 36017.95408047689 76743.33414708517
72 245.45816321588063 0.0021936842965003703 1539.8984200088817 0.043019809248963994 34255.20264836616 77392.45143226504 35795.10106837504 76098.01117547203
73 180.75090505808475 0.001629281698861762 1432.2721550173374 0.04045481985279872 33971.967938719004 76786.2950691391 35404.24009373634 75534.77381917986
74 58.40561099170009 0.0005312637195372975 1342.572451908869 0.03828039217119696 33729.49384000992 76149.2350526838 35072.06629191879 74865.06821176663
75 109.64183995591884 0.00100410930579694 1381.6889395571052 0.039623614678990816 33488.65165785696 75594.83848785124 34870.34059741406 74322.79138825006
76 -93.29479002089647 -0.0008600269366686383 1262.5449723735146 0.03654394638515907 33286.13127257219 75286.07975032738 34548.6762449457 73930.23998793298
77 -175.15188247521291 -0.0016269789194242646 1214.071816170268 0.0354101843019143 33071.878401395654 74757.94582139084 34285.95021756592 73368.72212274537
78 148.72461561544333 0.001392165554423825 1344.0777137819205 0.03941731065118696 32754.588369147477 73926.3777390504 34098.6660829294 72731.02464088392
79 232.87685450889694 0.00219745770803746 1338.649513137756 0.03958454289131066 32478.831133622665 73263.87172706498 33817.48064676042 72158.09906843612
80 -113.15398657351034 -0.0011195979403486784 1319.5065960072388 0.040147901227418153 31546.634738078486 69633.14548600899 32866.141334085725 68200.48490342824
81 189.31113811467367 0.001957667589182362 1371.1709301068222 0.04293254673059727 30566.62532295386 65946.45528345702 31937.796253060682 64764.595491464876
82 1132.9912120281588 0.01220736975585324 1594.0519861631146 0.05121742699900465 29529.182419854453 62149.892741785436 31123.234406017567 61688.831967650476
83 817.4327765374837 0.00925596209157124 1561.9844525209155 0.05174446031265493 28624.521370188526 58872.23388153557 30186.50582270944 58127.68220555213
84 670.5840223699997 0.007947953432519536 1577.5743462683677 0.05373008942887551 27783.522257835753 55917.80506319294 29361.09660410412 55010.814739294576
85 1374.4656109119824 0.01702531952907123 1667.5268760728468 0.0585753842888956 26800.52154250095 52555.69214837886 28468.048418573795 52262.630883218
86 1086.2561876183681 0.014168209106390044 1620.6266805927844 0.058792352846196425 25944.636523491263 49637.66712320652 27565.263204084047 49103.29663023211
87 740.3709120591229 0.010156192746668593 1496.1429910318548 0.05615924351382378 25144.93864432839 47013.16042410566 26641.081635360246 46257.38834513293
88 1442.2197749808183 0.020708842105439752 1631.8952198166335 0.06315094304804428 24209.290058685263 43991.19484473693 25841.185278501896 43801.51939990111
89 1244.7666667649755 0.01885742606906533 1589.9739543973155 0.06367955562321094 23378.384239009683 41386.21125245506 24968.358193407 41041.00396482272
90 881.899661110896 0.014094443810299782 1432.3110951622912 0.05951990649367045 22632.093228366142 39056.73873928231 24064.404323528433 38506.327305230916
91 1424.161495133092 0.023914649935797526 1507.390816236737 0.06483578771393904 21741.972990176357 36385.70921537059 23249.363806413094 36302.479894266944
92 1252.033340359856 0.02225328761507644 1448.9772821447732 0.06470432742180257 20944.846127825953 34065.96861146659 22393.823409970726 33869.024669681676
93 918.7648732276612 0.01727605791760925 1308.7359379870468 0.06074078695786921 20237.51006134133 32025.12082187708 21546.245999328377 31635.1497571177
94 1283.10884871276 0.025465377744577126 1333.4551669763496 0.06434142005765862 19391.222121485625 29712.074508746413 20724.677288461975 29661.72819048282
95 1181.9369471053324 0.024914708205150897 1292.6456370043234 0.06493100732801742 18615.341166190596 27642.047178941582 19907.98680319492 27531.338489042595
96 784.0811116112818 0.01758597176253955 1061.8798826570637 0.055870898429741654 17944.07693030507 25857.442469593538 19005.956812962133 25579.643698547756
97 1066.6898182319164 0.025332420809548784 1090.2040229843478 0.059723632522316945 17163.943907099627 23877.060057721326 18254.147930083975 23853.545852968895
98 1051.857153311863 0.026590127118050973 1130.3153297420795 0.06436929779721128 16429.536469527495 22076.790835699736 17559.851799269574 21998.332659269516
99 742.9009759088658 0.02005380855746617 962.1898125427906 0.05745461921539208 15784.763272911132 20517.71662135285 16746.953085453923 20298.427784718926
100 934.9604670767258 0.026863603791431285 957.6277848665286 0.059858841211695324 15040.473172013099 18828.551497668006 15998.100956879627 18805.884179878205
101 799.6833734583124 0.02465507900838929 872.2322216082284 0.05733895531257284 14339.628839574589 17295.520917544665 15211.861061182817 17222.972069394746
102 626.1717072702941 0.020673988932350264 773.0899583493956 0.05336278920373665 13714.345385365004 15947.38280511847 14487.4353437144 15800.464554039367
103 789.9996824071968 0.02789415096224178 807.8523106018238 0.058482858358887606 13005.636517942326 14525.701971102986 13813.48882854415 14507.849342908361
104 799.4435225273191 0.030305958497629792 841.3817637633674 0.06385543988706247 12334.970403749254 13244.673294800532 13176.352167512621 13202.735053564482
105 587.3879851346846 0.024032959993490963 700.5876425195074 0.05637122331283103 11727.520199519146 12126.02565344899 12428.107842038653 12012.82599606417
106 630.1228630340138 0.02784648127721047 644.5126063600947 0.05515007017178402 11042.011170536955 10956.321488732516 11686.52377689705 10941.931745406433
107 608.2027645184226 0.029091381468000128 635.9566409799409 0.05768896198865533 10387.931102138115 9910.496682581286 11023.887743118055 9882.742806119768
108 491.117601025815 0.02545046150702204 564.3264257815827 0.054470873222724266 9795.823731424927 9010.060448452552 10360.15015720651 8936.851623696786
109 614.091681815632 0.034427845882084605 614.3970614019036 0.06300975617354258 9136.427234913739 8086.544834482263 9750.824296315643 8086.23945489599
110 578.6516663431285 0.03532862570588838 592.4183795464305 0.06501328169962432 8519.84859204768 7280.615961991409 9112.26697159411 7266.849248788108
111 514.4652259344421 0.03424673498726095 554.8791686915629 0.06535900114406334 7934.833938589658 6573.015404319094 8489.71310728122 6532.601461561972
112 529.9603941612677 0.03859114157002761 529.1903455990068 0.06724055442116145 7340.916469470084 5861.818584094647 7870.106815069091 5862.588632656908
113 503.84414018637653 0.040253848244124105 515.6720940910045 0.0704957355135794 6799.268169092319 5213.557826971525 7314.940263183324 5201.729873066898
114 449.3842088004849 0.039449718593268665 478.5081561378065 0.07042369647897993 6316.195616343543 4625.736129063149 6794.70377248135 4596.612181725826
115 495.0237916530109 0.0477004167504857 484.9642797743154 0.07661257061801532 5845.123274555533 4037.619531563801 6330.087554329848 4047.6790434424965
116 417.44243647230087 0.0446257551651894 425.1358448582687 0.07271576597077523 5421.4070496927225 3515.444574004281 5846.542894550991 3507.7511656183124
117 357.56214820386504 0.04234610960927735 378.45098719755424 0.06984053063359852 5040.336409808433 3045.903045087717 5418.787397005987 3025.014206094027
118 359.041200230321 0.04708187229158586 350.9168190343353 0.06967353325808591 4685.670284054912 2581.178964733428 5036.587103089248 2589.303345929414
119 291.15079100177854 0.04266725699081241 298.3736634419256 0.06402308973094842 4362.033459922715 2170.568001639396 4660.407123364641 2163.3451291992487
120 239.84840229632118 0.03930370783385925 256.04772861602396 0.05939496669481802 4054.8853834714537 1807.7032491853815 4310.933112087478 1791.503922865679
121 249.0141065248058 0.045684425365996095 239.29938940164038 0.060072309896922506 3744.222965777508 1457.5069072893043 3983.5223551791482 1467.22162441247
122 208.61752148543133 0.04341468241279174 212.6808550108326 0.05829250711847177 3435.830171948208 1160.7820097776428 3648.5110269590405 1156.718676252242
123 144.70810049169745 0.03451687440199095 155.69911636657616 0.04722365280481523 3141.3587586375374 906.3202848049398 3297.0578750041136 895.3292689300612
124 144.39639565022685 0.03953739360960301 137.97305759907613 0.04633721994730848 2839.6129468260847 668.1382187922502 2977.586004425161 674.5615568434007
125 120.45367328472867 0.03829435807448768 122.43449960657381 0.04581179831680124 2550.119386182965 474.8948199110405 2672.553885789539 472.91399358919523
126 102.55966949132687 0.038099884319446026 108.75695989150927 0.045709434293650444 2270.5540417022435 318.74930422720956 2379.3110015937527 312.5520138270273
127 119.45241532760974 0.05232720510586059 115.69463973959068 0.055254417815916064 1978.1585635469849 185.1865656522234 2093.8532032865755 188.9443412402424
128 93.70781054638128 0.04970678300244819 94.3138567271285 0.05256799677096831 1699.8168410440132 91.68708182164146 1794.1306977711417 91.08103564089424
129 70.18837709078787 0.04565364933372262 72.54502170412024 0.04812149605058215 1434.9937636209597 32.22786079151377 1507.53878532508 29.87121617818136
130 75.59446798033855 0.06134355405858694 75.59446798033855 0.06134355405858694 1156.718676252242 0.0 1232.3131442325805 0
