OLD METHOD DELTA 2
1 168.60200424695358 0.017135042975857273 168.6020042469549 0.26712190056309915 462.5780071693235 9208.422053457934 631.1800114162784 9208.422053457934
2 246.40134591810966 0.017141413661198784 246.40134591810954 0.2650601826386081 683.2039364190772 13445.016950592322 929.6052823371867 13445.016950592322
3 335.73693173395077 0.01763068855555219 335.7369317339494 0.2688580069471903 913.0149114644405 17794.00594110957 1248.75184319839 17794.00594110957
4 464.5256597977059 0.019825506718150254 464.5256597977052 0.2909722448505552 1131.9347175014698 21834.247669745724 1596.460377299175 21834.247669745724
5 587.9570430085514 0.021224025374472842 587.9570430085514 0.30327044267025904 1350.7648378040387 25763.706505638344 1938.7218808125901 25763.706505638344
6 638.0758354331301 0.01994710568763119 638.0758354331294 0.28822763339891855 1575.7154929993078 29774.60064307992 2213.7913284324372 29774.60064307992
7 703.233686579144 0.01954177686002347 703.2336865791442 0.28204704475257575 1790.0868415478292 33492.848570843045 2493.3205281269734 33492.848570843045
8 778.2634265724191 0.0195480225865468 778.2634265724203 0.2801498648535479 1999.7619241778568 37034.8725076771 2778.025350750277 37034.8725076771
9 859.0019012394769 0.019921112576435786 859.0019012394723 0.2819149444876642 2188.0231608783674 40073.15198339366 3047.0250621178398 40073.15198339366
10 996.783356165397 0.021344870945563282 996.7833561653961 0.2944952054089991 2387.935097165786 43314.24537303888 3384.718453331182 43314.24537303888
11 1045.5439438002068 0.020835984661371734 1045.5439438002086 0.2874654024693146 2591.5683306475476 46542.610968416906 3637.112274447756 46542.610968416906
12 1112.2489942749598 0.02082551213201538 1112.2489942749576 0.2852677789774496 2786.7156846728208 49509.03735357283 3898.9646789477783 49509.03735357283
13 1231.9169942631488 0.021828585576149435 1231.9169942631506 0.29307762824787453 2971.4642110100112 52232.570174424945 4203.381205273162 52232.570174424945
14 1280.544853194253 0.021617946879472185 1280.5448531942525 0.28896212527454684 3150.9869677237634 54803.735077171346 4431.531820918016 54803.735077171346
15 1280.502167711733 0.02052956247315292 1280.5021677116742 0.2764277914401141 3351.818486592309 57741.25254708694 4632.320654303983 57741.252547086995
16 1404.3053884949186 0.02149059720773672 1404.3053884949213 0.2838806971003359 3542.509956257378 60398.2923281681 4946.815344752299 60398.2923281681
17 1522.409930050184 0.022379007749807143 1522.4099300501866 0.2903182668602585 3721.524413161437 62784.547842880995 5243.934343211624 62784.547842880995
18 1607.8557772401473 0.02276657700593414 1607.855777240156 0.2917757016399374 3902.732555520716 65112.93038158329 5510.588332760872 65112.93038158329
19 1801.207670309901 0.02457449700336391 1801.207670309902 0.30591955262327913 4086.6398205236665 67407.96279831867 5887.847490833568 67407.96279831867
20 1805.3405256113037 0.02397186324605788 1805.340525611292 0.2981266588109555 4250.275341858221 69255.19777602931 6055.6158674695125 69255.19777602931
21 1829.689140610848 0.023574690978758264 1829.6891406108489 0.2922270059985154 4431.501998650743 71351.24256175577 6261.191139261592 71351.24256175577
22 1932.8176237608568 0.02430836126386178 1932.8176237608486 0.2962755051182767 4590.899627144671 72988.74361721131 6523.71725090552 72988.74361721131
23 1889.657064123443 0.023233875077724665 1889.657064123443 0.28438305157689053 4755.102719011959 74687.22025902037 6644.759783135402 74687.22025902037
24 1886.3228071261983 0.022726624839654503 1886.322807126191 0.2774127108050302 4913.375741841621 76200.87106640472 6799.698548967812 76200.87106640472
25 2119.8505052954133 0.02497972546017987 2119.8505052954233 0.2947248096886375 5072.793057813304 77670.19885181944 7192.643563108727 77670.19885181944
26 2317.950116661872 0.026770420283175028 2317.9501166618775 0.3071276640698069 5229.237544476428 79039.055369147 7547.187661138306 79039.055369147
27 2346.827349791376 0.026645401481337275 2346.827349791366 0.30346588074414244 5386.586845032132 80342.84734828438 7733.414194823498 80342.84734828438
28 2282.9637209896027 0.025557232646182364 2282.963720989599 0.2918992727008199 5538.103114382433 81506.43401713605 7821.066835372032 81506.43401713605
29 2387.0531671067874 0.0263321236739389 2387.0531671067774 0.2956016940981545 5688.181903481676 82576.51777186351 8075.235070588454 82576.51777186351
30 2418.6872156753525 0.026348668394945023 2418.687215675346 0.2930025269617628 5836.146763933942 83540.5911030251 8254.833979609288 83540.5911030251
31 2511.6186692179326 0.027107975143798625 2511.6186692179353 0.29616556823762913 5968.835977024845 84171.93476663835 8480.45464624278 84171.93476663835
32 2675.1629466319137 0.028482059629524614 2675.1629466319037 0.3040731465658785 6122.598305371058 85126.72951266172 8797.761252002962 85126.72951266172
33 2680.6083195807732 0.0283468901440079 2680.608319580776 0.2999718158128527 6255.59227752186 85628.258007095 8936.200597102636 85628.258007095
34 2706.9835496218584 0.02841407916935352 2706.9835496218548 0.2974902398829564 6392.419344022257 86169.69006156665 9099.402893644112 86169.69006156665
35 2722.7569384120143 0.02845542479639346 2722.7569384120216 0.2946765839492179 6517.057443585967 86445.17215023983 9239.814381997989 86445.17215023983
36 2686.6032200526097 0.027906548038941957 2686.6032200526015 0.2876069793832655 6654.6277396885735 86930.1966745048 9341.230959741175 86930.1966745048
37 2785.6576407139946 0.02878454679263828 2785.657640713989 0.2910978875266725 6783.830013018116 87206.66313237071 9569.487653732105 87206.66313237071
38 2867.5837929588306 0.029484917111156247 2867.5837929588306 0.2942599396594462 6877.486488363022 87510.88543828297 9745.070281321852 87510.88543828297
39 2870.2735117561533 0.029436356876703172 2870.273511756178 0.2928548440847893 6930.737363533141 87706.75898150894 9801.01087528932 87706.75898150893
40 2954.5180523000163 0.030169933369489747 2954.5180523000254 0.2971819170563604 6987.264683221203 87987.43759506995 9941.782735521228 87987.43759506995
41 3060.796925522489 0.03116993802590243 3060.7969255224853 0.3032068105186658 7033.952992154771 88102.33096772412 10094.749917677256 88102.33096772412
42 3015.783951200414 0.030799365527314448 3015.783951200425 0.29918750665992766 7064.12875928693 87837.16770877852 10079.912710487355 87837.16770877852
43 2870.932459725853 0.029341113315299067 2870.932459725852 0.28770744561626566 7107.719478100614 87868.09398741725 9978.651937826466 87868.09398741725
44 2870.5056222633575 0.029312049540170707 2870.5056222633666 0.2864538370168145 7150.325839299048 87908.37060018603 10020.831461562415 87908.37060018603
45 2966.272704805364 0.030331690216282636 2966.2727048053757 0.2923359924753602 7180.519962386949 87647.71478208301 10146.792667192325 87647.71478208301
46 2997.916846948705 0.03066466922906729 2997.9168469487113 0.2934260735347759 7219.024036436719 87547.58494776083 10216.94088338543 87547.58494776083
47 3032.435839750862 0.031072434022815586 3032.435839750862 0.29473891571137745 7256.11337483731 87303.92897763303 10288.549214588173 87303.92897763303
48 2994.453981934872 0.030794762590861766 2994.4539819348647 0.2911434366355048 7290.696240028588 86953.91674923201 10285.150221963453 86953.91674923201
49 2957.8066523911693 0.03042547180325465 2957.806652391174 0.2872589760284428 7338.848628097984 86918.16102598367 10296.655280489158 86918.16102598367
50 2960.4224817808426 0.030551256747129545 2960.4224817808436 0.2865040554466799 7372.494018006001 86567.27016958773 10332.916499786845 86567.27016958773
51 3020.738459266635 0.03117507797818845 3020.7384592666276 0.2892714393635059 7421.835705377018 86453.36500125309 10442.574164643645 86453.36500125309
52 3114.3586199161364 0.03224081200805007 3114.3586199162255 0.2945145286664032 7460.1914167777595 86022.22981917716 10574.550036693985 86022.22981917707
53 3106.42082573715 0.03229616079216312 3106.4208257371447 0.29298811033271516 7496.128275007988 85582.90296360501 10602.549100745133 85582.90296360501
54 3110.747817247102 0.032507863173776116 3110.7478172471046 0.29244473702230755 7526.297146943235 85055.12036264426 10637.04496419034 85055.12036264426
55 3169.6747099523636 0.03329284848114433 3169.674709952371 0.29543683746207994 7559.098103827855 84477.10035587465 10728.772813780226 84477.10035587465
56 3141.8550536347466 0.033259295947823925 3141.8550536347493 0.29290454312803715 7584.694354174718 83738.92149583156 10726.549407809467 83738.92149583156
57 3169.8441248287563 0.03373655446045234 3169.8441248287236 0.2939241886589692 7614.719538649113 83174.17561870356 10784.563663477837 83174.1756187036
58 3171.662572812347 0.03398961689643398 3171.66257281234 0.29447666102123776 7598.843184123007 82542.18389403574 10770.505756935347 82542.18389403574
59 3090.7178841212153 0.033362308110279425 3090.717884121228 0.29068341897119937 7541.873046108107 82008.41801629854 10632.590930229335 82008.41801629854
60 3033.031338076791 0.03302880142193848 3033.031338076795 0.2884924270876716 7480.3515215539355 81316.51127822264 10513.38285963073 81316.51127822264
61 3046.234083526666 0.033454586119994925 3046.234083526675 0.2909688680122061 7423.044311572576 80586.52102804807 10469.27839509925 80586.52102804807
62 3064.8723590885493 0.033873799204852555 3064.87235908854 0.2936262586171608 7373.132652869936 80041.13907677114 10438.005011958476 80041.13907677114
63 2937.32566485781 0.03270728256733581 2937.3256648578135 0.2861616091164343 7327.243624947465 79541.90297858384 10264.569289805278 79541.90297858384
64 2969.047097138813 0.03328556428462423 2969.047097138823 0.28983909811138553 7274.729938069225 78955.46476674994 10243.777035208048 78955.46476674994
65 2890.4605137653125 0.03263610494747654 2890.460513765305 0.2858490865543933 7221.380488095965 78454.50349351043 10111.84100186127 78454.50349351043
66 2879.1492620624776 0.032720351214487915 2879.149262062465 0.2864411542348858 7172.30186322354 77941.16372133116 10051.451125286005 77941.16372133116
67 2948.8028418555914 0.033659527262224695 2948.8028418555878 0.2925226064593101 7131.795295662259 77526.18311294148 10080.598137517847 77526.18311294148
68 2948.0819835092116 0.03382913945686604 2948.0819835092125 0.29368473377282417 7090.172118556785 77107.976362004 10038.254102065997 77107.976362004
69 2916.976168590045 0.033697694596471345 2916.9761685900557 0.292911641904544 7041.577030673561 76604.5248842886 9958.553199263617 76604.5248842886
70 2911.3758739241603 0.033882743344672825 2911.3758739241584 0.29406994178339657 6988.907903016887 76024.75022364552 9900.283776941045 76024.75022364552
71 2900.747182237945 0.03408394243654547 2900.747182237951 0.29512750871805504 6928.045785377716 75277.18289296162 9828.792967615667 75277.18289296162
72 2823.641842037614 0.03345569696851415 2823.6418420376094 0.2910581177307999 6877.657211401608 74698.13356621303 9701.299053439217 74698.13356621303
73 2881.78571122876 0.03438697433056478 2881.7857112287647 0.2968872551585507 6824.8812512508675 74097.90634850493 9706.666962479632 74097.90634850493
74 2992.791970664519 0.035854734830017256 2992.7919706645125 0.30628752777085133 6778.392616726086 73698.73883703203 9771.184587390599 73698.73883703203
75 2889.1876267074404 0.03499667928955517 2889.1876267074404 0.3008265948058473 6714.975291707784 72951.88769435605 9604.162918415224 72951.88769435605
76 2776.960501808295 0.03395670029537982 2776.960501808292 0.2942567899177139 6660.240599260072 72342.25560857344 9437.201101068364 72342.25560857344
77 2756.0403611920337 0.03394798818302829 2756.0403611920347 0.29434786866504586 6607.167783278276 71820.9947700891 9363.20814447031 71820.9947700891
78 2729.0164156866376 0.033832008377376724 2729.0164156866467 0.29377514151136813 6560.457164844478 71374.26902812571 9289.473580531125 71374.26902812571
79 2692.2920838858845 0.03366524862295111 2692.292083885881 0.292557733699514 6510.308885983313 70769.83927673064 9202.600969869194 70769.83927673064
OLD METHOD DELTA 8
1 757.5683110281698 0.07264355796786338 757.5683110281689 0.2950539054259267 1809.9906912313572 7861.0093693957915 2567.559002259526 7861.0093693957915
2 1108.8922270961793 0.07277574293712395 1108.8922270961807 0.29319054902968034 2673.263203104692 11454.95768390679 3782.1554302008726 11454.95768390679
3 1499.4871339185756 0.07420812813975225 1499.4871339185775 0.2956423992782745 3572.4752692385546 15134.545583335543 5071.962403157132 15134.545583335543
4 1815.1973949392122 0.07324843938851373 1815.1973949392104 0.2906981231316695 4429.072005166378 18537.110382080704 6244.269400105589 18537.110382080704
5 2204.797799619406 0.07519961663645822 2204.7977996194077 0.294360983573334 5285.317815754351 21829.153527688304 7490.115615373758 21829.153527688304
6 2532.252607385908 0.07473614608616064 2532.2526073859026 0.2911383149610294 6165.512259889845 25184.803876188274 8697.764867275748 25184.803876188278
7 2793.913975847485 0.07337566055847236 2793.9139758474803 0.285144891084121 7004.311639295117 28278.623773096184 9798.225615142597 28278.623773096184
8 3149.3675250145607 0.0746578650416958 3149.3675250145598 0.2869817762482748 7824.735312407306 31209.899119447175 10974.102837421866 31209.899119447175
9 3424.0053070680733 0.07494783370102268 3424.005307068066 0.2856819390169917 8561.370173264328 33699.804971005346 11985.375480332394 33699.804971005346
10 3800.7871288260067 0.07677897534571851 3800.7871288260085 0.2891568335278071 9343.592280974457 36358.58818923188 13144.379409800466 36358.58818923188
11 4047.4842869872664 0.07610676338543475 4047.4842869872646 0.28527800753490296 10140.375204747534 38993.80409431477 14187.859491734798 38993.80409431477
12 4402.56734361835 0.07764899055151989 4402.567343618344 0.2876268983484307 10903.954295693296 41391.79874255164 15306.52163931164 41391.79874255164
13 4815.869728052086 0.08023787773712986 4815.869728052085 0.29288775925307603 11626.844506006526 43577.18987942663 16442.71423405861 43577.18987942663
14 5134.849975466808 0.08138983687841615 5134.849975466801 0.2940225410799932 12329.287150229928 45625.434894670885 17464.13712569673 45625.434894670885
15 5479.197239813075 0.08230449978515278 5479.197239813071 0.29467072507924785 13115.107431407705 47977.9636022751 18594.304671220776 47977.9636022751
16 5847.015037734622 0.08378274693336638 5847.015037734625 0.2966783029575777 13861.25138905121 50079.55089537522 19708.266426785834 50079.55089537522
17 6197.426966057254 0.08524248533244162 6197.426966057252 0.29853979126676466 14561.705140789602 51944.36711525565 20759.132106846853 51944.36711525565
18 6389.93188588084 0.08474081931030036 6389.931885880844 0.29500152193522405 15270.742418314556 53744.92051879607 21660.6743041954 53744.92051879607
19 6782.443747484678 0.08664664882401235 6782.443747484678 0.2978311106242477 15990.340913153424 55504.26170569594 22772.784660638103 55504.26170569594
20 7049.951988655303 0.08751678709822129 7049.951988655306 0.2977103828101183 16630.619451648854 56874.85366623049 23680.57144030416 56874.85366623048
21 7310.066164412194 0.08797471286199801 7310.066164412616 0.2965568705269933 17339.72917306292 58443.01538734267 24649.795337475534 58443.015387342246
22 7560.220383993656 0.08879765672394323 7560.220383993652 0.2962045628467312 17963.425542776324 59616.21770158106 25523.645926769976 59616.21770158106
23 7890.8655357558455 0.09035357199296884 7890.865535755849 0.297804579683002 18605.92489021839 60836.39808781135 26496.79042597424 60836.39808781135
24 8105.1072082275205 0.09084471970880865 8105.107208227517 0.296560918933192 19225.220865288473 61889.025942957654 27330.32807351599 61889.025942957654
25 8531.629217249087 0.09347208579906814 8531.629217249087 0.3006145802764244 19848.99426882398 62893.9976408061 28380.623486073066 62893.9976408061
26 8876.97478565987 0.09530247756996656 8876.974785660012 0.3025748660471779 20461.135486446663 63807.15742718088 29338.110272106675 63807.15742718074
27 9094.838478277918 0.09591255721808126 9094.838478277914 0.3014365074420298 21076.817090107314 64652.61710321627 30171.655568385228 64652.61710321627
28 9270.965888952975 0.0962562162706227 9270.965888952982 0.29963716388244055 21669.675014290737 65374.86211723461 30940.64090324372 65374.86211723461
29 9482.70532099076 0.0970123485257404 9482.705320990768 0.2987656191708077 22256.908317650155 66007.79135769008 31739.613638640923 66007.79135769008
30 9693.558076865535 0.09784525204570653 9693.55807686553 0.2979934969405788 22835.870170350445 66540.86769660126 32529.428247215976 66540.86769660126
31 9925.882972821724 0.09919271409777977 9925.882972821713 0.2982452358636929 23355.06095936617 66785.70978430615 33280.94393218788 66785.70978430615
32 10242.615351802815 0.1009204773492512 10242.615351802815 0.2998264576018582 23919.19756400083 67330.13025403126 34161.812915803646 67330.13025403126
33 10337.825972106744 0.10113144638857252 10337.825972106752 0.2978950111743203 24365.091446195795 67518.75883841992 34702.917418302546 67518.75883841992
34 10441.786139099975 0.10137273045725824 10441.786139099975 0.2963853888717607 24788.648731014022 67773.46067458126 35230.434870114 67773.46067458126
35 10664.705416469267 0.10291441520885454 10664.705416469278 0.29797458978065927 25125.948492374515 67836.28110143938 35790.65390884379 67836.28110143938
36 10811.116740531026 0.10355878419167183 10811.116740531019 0.2979285803378761 25476.495304846772 68108.32910937026 36287.61204537779 68108.32910937027
37 10918.613253562842 0.10407688739663054 10918.61325356285 0.29772232314656355 25755.20125307663 68235.29189229313 36673.81450663948 68235.29189229313
38 11038.12865874356 0.10469975383279784 11038.12865874352 0.2979935072559791 26003.37858880086 68384.99333784473 37041.50724754438 68384.99333784477
39 11065.730534502596 0.1046867807272497 11065.730534502589 0.2969289495328888 26201.536776113462 68435.95956893795 37267.26731061605 68435.95956893795
40 11138.086152301767 0.10496459773636786 11138.086152301774 0.2966108401063702 26413.09083201697 68561.61144627677 37551.17698431874 68561.61144627677
41 11234.401560517625 0.10561557919417806 11234.401560517646 0.29696371675763544 26596.487960866252 68539.79599900484 37830.8895213839 68539.79599900483
42 11130.848797248982 0.10497617273891992 11130.848797248986 0.2940727305070133 26719.81752620846 68181.47894184827 37850.666323457444 68181.47894184827
43 11073.815591146165 0.1044210686039315 11073.815591146129 0.2916028951203876 26901.8553519504 68073.95811355564 37975.67094309653 68073.95811355567
44 11128.25076020461 0.10479866926844608 11128.250760204599 0.29120243071905144 27086.57709245505 67972.11934701461 38214.82785265965 67972.11934701461
45 11288.749553135509 0.10638023336092267 11288.74955313545 0.2931368136586359 27221.423946537776 67606.81079792159 38510.17349967323 67606.81079792164
46 11375.044508018938 0.10716852558599751 11375.044508019128 0.2934328107249099 27390.369897812634 67376.23908636862 38765.41440583176 67376.23908636843
47 11442.577467800686 0.10794617611527503 11442.577467800686 0.29350587107382 27543.2779971578 67016.76435532334 38985.855464958484 67016.76435532334
48 11520.659866650924 0.1089266784414689 11520.65986665092 0.2939021743254901 27678.301124675552 66566.31186459267 39198.96099132647 66566.31186459267
49 11599.576092710457 0.10957821859525735 11599.576092710457 0.2938277451948166 27877.894236102744 66379.11541798683 39477.4703288132 66379.11541798683
50 11648.982019650008 0.11032408697024981 11648.982019650015 0.29359097077974056 28028.607480843784 65911.15670677183 39677.5895004938 65911.15670677183
51 11783.15920707243 0.11152131470423736 11783.15920707243 0.29449219638596413 28228.62837737451 65646.57232928099 40011.78758444694 65646.57232928099
52 11874.787266393789 0.11270977501392183 11874.787266393789 0.2953697317562135 28328.341184813828 65154.08005113412 40203.128451207616 65154.08005113412
53 11902.225665128346 0.1133747681840358 11902.225665128353 0.29546473194005013 28380.841579402608 64698.18965919242 40283.06724453096 64698.18965919242
54 11777.182252455554 0.11285301143662724 11777.18225245555 0.29326369904046506 28381.836033781485 64199.58147579985 40159.018286237035 64199.58147579985
55 11826.70992841696 0.11386846480577044 11826.709928416964 0.29444754477305646 28339.051812039466 63697.14664765793 40165.76174045643 63697.14664765793
56 11759.360012745885 0.1140766447061455 11759.360012745889 0.2940594284719998 28230.379727449556 63093.23612254387 39989.739740195444 63093.23612254387
57 11646.8711810217 0.11369926342478061 11646.871181021696 0.2928858960121387 28119.028575854918 62669.86658145904 39765.89975687661 62669.86658145904
58 11595.301559518884 0.11397405149948069 11595.301559518874 0.2931970420240405 27952.510653975845 62188.516424183974 39547.81221349472 62188.51642418398
59 11342.379154407143 0.11242024945946387 11342.379154407146 0.29006788447979 27760.11981664805 61790.171245772086 39102.498971055196 61790.171245772086
60 11247.490899867553 0.11242504433220607 11247.49089986756 0.28997047527791037 27540.909502234972 61255.95329752521 38788.40040210253 61255.95329752521
61 11171.88330996161 0.11264085635039714 11171.88330996161 0.29018117641836216 27327.799708260078 60681.76563135812 38499.68301822169 60681.76563135812
62 11191.790912958022 0.11350002842646127 11191.79091295803 0.29195108120582525 27142.682337606253 60271.58939204895 38334.47325056428 60271.58939204894
63 11042.697337904734 0.11278203834573636 11042.697337904738 0.29050861346079754 26968.903097463717 59900.24350606706 38011.600435368455 59900.24350606706
64 11054.399011412934 0.11362949249349028 11054.39901141293 0.292213015356042 26775.53473723918 59454.65996759835 37829.93374865211 59454.65996759835
65 11002.856860121858 0.11380844190073075 11002.856860121858 0.2926810617553236 26590.47696931484 59085.40701229351 37593.3338294367 59085.40701229351
66 10942.418121697287 0.11391720839464972 10942.418121697174 0.2929162576381486 26414.395767461512 58699.06981709267 37356.813889158686 58699.06981709278
67 10976.954313186026 0.11477975673512446 10976.95431318603 0.2948617475355304 26250.507047712683 58407.471360882366 37227.46136089871 58407.471360882366
68 10967.561731633716 0.1152469908245288 10967.561731633712 0.29597908520973687 26087.62993456754 58110.51854598604 37055.19166620125 58110.51854598604
69 10919.169594631188 0.11546701469074053 10919.169594631188 0.29655976017761676 25900.28827143748 57745.813643516936 36819.45786606867 57745.813643516936
70 10817.92390066314 0.11529086121040603 10817.92390066314 0.2962066252915569 25703.622131654774 57310.035994989594 36521.546032317914 57310.035994989594
71 10809.303637180376 0.11621091208106286 10809.303637180426 0.2979103342042283 25474.444847255356 56730.78383108684 36283.74848443578 56730.783831086796
72 10688.419820217983 0.11584578409072446 10688.419820218001 0.2971746647228022 25278.373749442177 56297.41702817533 35966.79356966018 56297.41702817532
73 10620.466879998974 0.11601583251933496 10620.466879998974 0.2974748067842456 25081.604817460277 55841.18278230315 35702.07169745925 55841.18278230315
74 10775.055933389289 0.11807997421119686 10775.055933389292 0.3018504778104501 24921.610878433985 55555.520575320916 35696.66681182328 55555.520575320916
75 10665.347683363943 0.11806804687194432 10665.347683363943 0.30163921200573623 24692.613943856864 54974.24904220355 35357.96162722081 54974.24904220355
76 10417.812225124915 0.11650387264023816 10417.812225124915 0.29841220380005856 24492.999371927035 54509.496835912585 34910.81159705195 54509.496835912585
77 10341.4323459203 0.11649746016813446 10341.4323459203 0.29846384263776843 24307.42915276117 54120.733400598496 34648.86149868147 54120.733400598496
78 10239.32663537257 0.11612630141100319 10239.326635372036 0.29780998670429987 24142.752853247734 53791.97333971144 34382.07948861977 53791.97333971197
79 10154.796293199033 0.11614116479847475 10154.796293199044 0.29769181493348584 23956.9789850966 53323.16917761181 34111.775278295645 53323.16917761181
NEW METHOD DELTA 2
1 317.771349503706 0.020451459502849174 -94.84777852163961 -0.15027056751815485 726.027789937918 14494.033231858626 631.1800114162784 14906.652359883972
2 -1682.565334031744 -0.07921137808384375 -179.7037064406452 -0.19331183875035576 1109.308988777832 21814.716533596806 929.6052823371867 20311.85490600571
3 -988.8613120646223 -0.03413227494414673 -211.86636827586676 -0.169662506950316 1460.6182114742567 28499.68768442699 1248.75184319839 27722.692740638235
4 -25.916249111891375 -0.000733621024239451 -143.58811229917865 -0.08994154464522008 1740.0484895983536 33612.3486748593 1596.460377299175 33730.020538046585
5 -1559.5943743674143 -0.03821001051233506 -172.6168986307805 -0.08903644217314469 2111.3387794433706 40264.63730892388 1938.7218808125901 38877.659833187245
6 -1069.6718677783356 -0.02240857799593876 -239.731248134422 -0.10828990296216094 2453.5225765668592 46351.07776245131 2213.7913284324372 45521.13714280739
7 -627.6350568048365 -0.011784644140418325 -234.88479815771825 -0.09420561677008607 2728.2053262846916 51158.149240955616 2493.3205281269734 50765.39898230849
8 -2102.9229443543954 -0.03624567080486137 -301.27265766141863 -0.10844849114859668 3079.2980084116957 57042.221299521254 2778.025350750277 55240.57101282827
9 -1163.521921936619 -0.01832750361489951 -296.0357097136839 -0.09715565303159135 3343.0607718315237 61305.48051688472 3047.0250621178398 60437.994304661785
10 -317.36812710686354 -0.004631025269759599 -204.6249947786191 -0.060455543821445676 3589.343448109801 65258.880940841314 3384.718453331182 65146.137808513064
11 -2124.593446071347 -0.029166149612961483 -312.94494686386315 -0.08604214641995879 3950.0572213116193 71019.03144490268 3637.112274447756 69207.3829456952
12 -1443.0152836839989 -0.018522332093651162 -323.403509672823 -0.0829459962587044 4222.368188620601 75127.42883226248 3898.9646789477783 74007.8170582513
13 -900.3565792849113 -0.010949802192128622 -255.41489071839715 -0.060764151107203394 4458.796095991559 78667.39100397087 4203.381205273162 78022.44931540436
14 -1780.3709174256655 -0.020795548755815043 -308.64134155738066 -0.06964664906624633 4740.173162475397 82653.27478076435 4431.531820918016 81181.54520489607
15 -1445.7693778980029 -0.015953149444557377 -406.2256639926254 -0.08769377042480703 5038.546318296609 87033.17644407532 4632.320654303983 85993.63273016993
16 -1220.545222058092 -0.012905687071942536 -335.77814320638754 -0.06787763840075192 5282.593487958687 90512.16659412066 4946.815344752299 89627.39951526896
17 -1931.624876887363 -0.019742320329676166 -319.90718939041835 -0.061005185887680786 5563.841532602042 94209.61979670031 5243.934343211624 92597.90210920337
18 -1438.5522193120996 -0.01412383684192848 -312.71246770312246 -0.05674756465548747 5823.300800463994 97468.04364606831 5510.588332760872 96342.20389445934
19 -662.2894698313612 -0.006270853236840926 -160.12202965486995 -0.027195342594072656 6047.969520488438 100228.25234700233 5887.847490833568 99726.08490682584
20 -2022.8057456378301 -0.01880657871734251 -255.59263680876484 -0.0422075379949043 6311.208504278277 103270.00943530622 6055.6158674695125 101502.79632647714
21 -1511.8811477590352 -0.01358904820012503 -307.94257797237606 -0.04918274672072908 6569.133717233968 106200.07211534918 6261.191139261592 104996.13354556252
22 -832.8045234832098 -0.007316021384741933 -228.64649817147983 -0.03504849909608555 6752.363749077 107913.42180150942 6523.71725090552 107309.2637761977
23 -1750.6883821478114 -0.015099441347211503 -369.8332400588188 -0.055657879611760615 7014.593023194221 110680.01287820147 6644.759783135402 109299.15773611247
24 -1503.0453979715967 -0.012675342107340152 -441.1583500268853 -0.0648791041029095 7240.856898994697 112842.45128345824 6799.698548967812 111780.56423551354
25 -1102.8508702870167 -0.009122823453049255 -241.78463148654555 -0.03361554473888652 7434.4281945952725 114557.62720352843 7192.643563108727 113696.56096472796
26 -1692.3894965122454 -0.013769828903195464 -141.4473985587565 -0.018741735982939992 7688.635059697062 116909.38444936421 7547.187661138306 115358.44235141072
27 -1119.0808841925755 -0.008926889256283698 -174.3059883263004 -0.022539331779613626 7907.720183149799 118572.03809544945 7733.414194823498 117627.26319958316
28 -1087.6602123344055 -0.00856813303212227 -269.6340810890788 -0.03447535825542563 8090.700916461111 119939.45753402205 7821.066835372032 119121.43140277673
29 -1504.5470411947172 -0.011706652944234662 -252.15914946323664 -0.03122623022847327 8327.39422005169 121697.8366034091 8075.235070588454 120445.44871167761
30 -1508.190181593949 -0.011593843629801523 -285.0506488306655 -0.0345313605985032 8539.884628439953 123053.7396638233 8254.833979609288 121830.60013106001
31 -1105.3229632935545 -0.008414230786282497 -220.80229669551954 -0.026036610760408325 8701.2569429383 123767.58472672755 8480.45464624278 122883.06406012953
32 -1288.9197709938308 -0.009702519489963627 -134.6183239397742 -0.01530142954369511 8932.379575942736 125200.36208348956 8797.761252002962 124046.06063643549
33 -1304.5348191727971 -0.009756514116227192 -189.8576771039625 -0.021245905912801424 9126.058274206598 125887.58654390258 8936.200597102636 124772.90940183376
34 -1165.9183754186088 -0.008676832266430342 -181.43409704257465 -0.019939121188853555 9280.836990686686 126256.51321814558 9099.402893644112 125272.02893976956
35 -1360.5519199702103 -0.010085727598486813 -233.86953105182147 -0.02531106377066097 9473.68391304981 126785.60552332301 9239.814381997989 125658.92313440464
36 -1240.6869516389415 -0.009140467044001298 -325.09931076269277 -0.03480261992919406 9666.330270503868 127309.97562340554 9341.230959741175 126394.3879825293
37 -1358.9821075937944 -0.009982074933756097 -256.82914673712185 -0.026838338271637598 9826.316800469227 127674.91194546259 9569.487653732105 126572.75898460591
38 -1408.0542490961816 -0.010299682044355893 -226.06218434759285 -0.023197594047205686 9971.132465669445 128145.43793298876 9745.070281321852 126963.44586824019
39 -981.5719557078846 -0.007150067017831817 -234.20628311658947 -0.023896135418753513 10035.217158405909 128227.8590489273 9801.01087528932 127480.493376336
40 -1050.1640499491914 -0.00762664535224964 -166.81188931153883 -0.016778870927799772 10108.594624832767 128638.28946985056 9941.782735521228 127754.93730921291
41 -1342.2673197729018 -0.009738215446595396 -100.240656508342 -0.00992997917985142 10194.990574185598 128982.31717305862 10094.749917677256 127740.29050979404
42 -1324.8507983772433 -0.00963431892789533 -151.50263264140267 -0.015030153235729524 10231.415343128758 128607.13084904052 10079.912710487355 127433.78268330467
43 -1365.1901689064398 -0.009946709308860213 -291.59188433076815 -0.02922157082415305 10270.243822157234 128345.38028577782 9978.651937826466 127271.78200120214
44 -1493.6396237872104 -0.010878677677299758 -322.83303537325446 -0.032216192499750856 10343.66449693567 128449.7157841143 10020.831461562415 127278.90919570034
45 -1237.712034654207 -0.009034226645474399 -225.19460013707067 -0.022193673165826426 10371.987267329396 127868.2688947987 10146.792667192325 126855.75146028158
46 -1204.500103756538 -0.008793757477283448 -201.93774722957642 -0.01976499125662587 10418.878630615007 127757.79825514554 10216.94088338543 126755.23589861857
47 -1058.8141899394104 -0.007740200733975795 -188.12786310064257 -0.01828516918924734 10476.677077688815 127376.2883661994 10288.549214588173 126505.60203936063
48 -1086.5598408657097 -0.007973854370641804 -234.6430373057392 -0.022813768612214343 10519.793259269192 126832.08951829496 10285.150221963453 125980.17271473499
49 -1428.276913632988 -0.010492602285273453 -288.77927310086307 -0.028045929987387534 10585.434553590021 126965.11925579447 10296.655280489158 125825.62161526235
50 -1392.041519714956 -0.010262110527196715 -306.7752206959158 -0.02968912220496935 10639.69172048276 126401.00764848826 10332.916499786845 125315.74134946922
51 -1102.1052376266744 -0.008132146062817605 -251.0946331811374 -0.0240452812900569 10693.668797824783 125932.96208326037 10442.574164643645 125081.95147881484
52 -991.1865877410019 -0.007334553988214067 -161.88772613778747 -0.015309183423978563 10736.437762831772 125394.06190839662 10574.550036693985 124564.7630467934
53 -1150.233612332493 -0.008557265578604378 -193.63263833237215 -0.01826283816207594 10796.181739077505 124770.07551618219 10602.549100745133 123813.47454218208
54 -1195.1510963582696 -0.00894187927536086 -202.01284734641195 -0.018991444336889533 10839.057811536752 124013.80209011488 10637.04496419034 123020.66384110301
55 -1016.8521713016526 -0.007644614244864125 -142.9407245186103 -0.013323119708063413 10871.713538298836 123160.63669882133 10728.772813780226 122286.72525203828
56 -993.5832751419221 -0.007529577279750854 -189.2658705536578 -0.0176446183537702 10915.815278363125 122035.14597787027 10726.549407809467 121230.82857328201
57 -1313.3540972821793 -0.010027776182357995 -173.53624621317613 -0.016091169900629403 10958.099909691013 121326.87475415121 10784.563663477837 120187.05690308221
58 -1143.8856331399147 -0.008794828324589943 -148.54527749037152 -0.013791857211043243 10919.051034425718 120288.27539853766 10770.505756935347 119292.93504288812
59 -946.4500037947 -0.007322563649070937 -206.7341715012517 -0.01944344260564839 10839.325101730587 119358.30647626355 10632.590930229335 118618.5906439701
60 -974.0341326563794 -0.007602595836027346 -229.31115789005707 -0.0218113580520848 10742.694017520787 118349.96612976672 10513.38285963073 117605.2431550004
61 -1177.4846951633808 -0.009284493992839324 -194.15713835597307 -0.018545417461327564 10663.435533455224 117336.7598093231 10469.27839509925 116353.4322525157
62 -899.4079659063136 -0.007128377485039459 -155.62747943794056 -0.014909695795283038 10593.632491396416 116478.66233325556 10438.005011958476 115734.88184678719
63 -1028.950932062202 -0.008220934960648373 -252.46136259867126 -0.0245954170575296 10517.03065240395 115674.19646692177 10264.569289805278 114897.70689745824
64 -1085.1491681179323 -0.00873546611709404 -199.3752414385799 -0.019463059450954816 10443.152276646628 114865.3816052478 10243.777035208048 113979.60767856846
65 -958.4469925228914 -0.007756556300579436 -259.519010413831 -0.02566486264628387 10371.360012275101 114153.13296528018 10111.84100186127 113454.20498317113
66 -850.6694770000613 -0.006929495708215233 -240.98677031447733 -0.023975321305421984 10292.437895600482 113318.89308113237 10051.451125286005 112709.21037444677
67 -1037.848893702947 -0.008492274321440087 -168.13755131823746 -0.016679322895777896 10248.735688836085 113000.06099334486 10080.598137517847 112130.34965096014
68 -967.4859906516795 -0.007966181489240184 -144.9986528276986 -0.014444608729107194 10183.252754893696 112233.38575110678 10038.254102065997 111410.89841328279
69 -993.2174921273981 -0.008229839159672847 -156.13505744452777 -0.01567848806150608 10114.688256708145 111563.45063634739 9958.553199263617 110726.36820166452
70 -764.242311503127 -0.006368152091391964 -138.59624603286102 -0.013999219533046961 10038.880022973906 110735.42180582279 9900.283776941045 110109.77574035252
71 -925.8501884675061 -0.007804324496451597 -120.14847028223085 -0.012224132777860032 9948.941437897898 109609.87805988826 9828.792967615667 108804.17634170299
72 -1027.083071961344 -0.008720120842491245 -183.09310561116035 -0.018873050361874148 9884.392159050378 108925.81462337522 9701.299053439217 108081.82465702503
73 -760.7987460997247 -0.006501231187797432 -99.07824512788648 -0.010207236480953322 9805.745207607519 107978.84858945356 9706.666962479632 107317.12808848171
74 -705.4069167471462 -0.006047296870812266 19.95014446447385 0.0020417324313183965 9751.234442926125 107602.47531336671 9771.184587390599 106877.1182521551
75 -1202.29874565739 -0.01044400322509175 -61.03338836823423 -0.0063548889046027655 9665.196306783459 106655.67524521545 9604.162918415224 105514.40988792629
76 -1183.3171791706554 -0.010379163175149593 -142.2834178782614 -0.015076866154961328 9579.484518946625 105612.75218504887 9437.201101068364 104571.71842375648
77 -740.2551376712072 -0.006531068929761254 -125.49168533124612 -0.013402637578377294 9488.699829801557 104595.19715766827 9363.20814447031 103980.43370532831
78 -753.0297694854089 -0.006689651333580144 -130.6166233517688 -0.014060713152305537 9420.090203882894 103899.3099092128 9289.473580531125 103276.89676307916
79 -1187.952967515841 -0.010660069398837475 -158.60488429791985 -0.017234788818641374 9361.205854167114 103266.26247385776 9202.600969869194 102236.91439063984
NEW METHOD DELTA 8
1 -429.3898846089014 -0.02903112919124458 -273.26680656864846 -0.10643058497513233 2840.8258088281746 12379.235212968184 2567.559002259526 12223.112134927931
2 -2312.6559584572133 -0.1122029252488759 -558.3858671988619 -0.14763694340536546 4340.5412973997345 18583.48422497518 3782.1554302008726 16829.214133716825
3 -2074.296279211845 -0.07438483697467987 -643.1933656812798 -0.12681351211927613 5715.155768838412 24245.15012706349 5071.962403157132 22814.047213532926
4 -1336.2803147194136 -0.039283740722736424 -564.2505028116548 -0.09036293386094352 6808.519902917244 28543.877261540176 6244.269400105589 27771.847449632416
5 -2912.5741413782525 -0.07380443645711458 -771.2013465232349 -0.10296254238590305 8261.316961896993 34114.659126472034 7490.115615373758 31973.28633161701
6 -2769.426718230774 -0.06015892849767158 -902.460295799252 -0.10375772506734988 9600.225163075 39204.375175941976 8697.764867275748 37337.408753510455
7 -2274.868602159251 -0.04407678949019804 -876.7873941447469 -0.08948430344262763 10675.013009287344 43211.34155795439 9798.225615142597 41813.26034993988
8 -3624.8342355607892 -0.06416012250837802 -1074.677356126349 -0.09792849329438412 12048.780193548215 48072.73911438692 10974.102837421866 45522.582234952475
9 -3136.6481752675245 -0.050992548213113734 -1095.464471966383 -0.09140009620591395 13080.839952298777 51567.701336419275 11985.375480332394 49526.51763311813
10 -2454.00533177537 -0.036961129547467865 -900.1236318937135 -0.06847973600203447 14044.503041694179 54803.72134726065 13144.379409800466 53249.839647379
11 -4117.72291028584 -0.058117763381875506 -1268.056461026943 -0.08937616430199742 15455.915952761741 59513.17271345381 14187.859491734798 56663.50626419491
12 -3557.295399722403 -0.04693466139306409 -1214.9017701591274 -0.07937151227349414 16521.423409470768 62828.37361141158 15306.52163931164 60485.97998184831
13 -3169.4600646854306 -0.03963969239620297 -1003.8121955668721 -0.061049056821022046 17446.526429625483 65679.66067033404 16442.71423405861 63514.01280121548
14 -3771.2740668797996 -0.04509897186427651 -1083.3708965901642 -0.062034035165475905 18547.508022286893 68845.93992095737 17464.13712569673 66158.03675066774
15 -3587.226773785209 -0.040540738054810746 -1120.687810291969 -0.060270487663166394 19714.992481512745 72356.73028085826 18594.304671220776 69890.19131736502
16 -3296.496292523647 -0.035638466685424516 -961.641979095024 -0.048793839004938576 20669.90840588086 75124.85167619727 19708.266426785834 72789.99736276866
17 -3856.5247697856103 -0.04020692182337049 -1011.2530507205738 -0.04871364783053905 21770.385157567427 78003.0761717333 20759.132106846853 75157.80445266825
18 -3685.0576408749184 -0.03699623546920365 -1124.931750830492 -0.05193429045801252 22785.60605502589 80505.73839150059 21660.6743041954 77945.61250145617
19 -3121.1045206639246 -0.03025641966137606 -891.9126731597498 -0.03916572726836465 23664.697333797852 82611.52453368757 22772.784660638103 80382.33268618339
20 -3907.4979767531186 -0.03697700788925849 -1014.1361898105533 -0.042825663745787015 24694.707630114714 84886.51030947546 23680.57144030416 81993.1485225329
21 -3570.0107832123467 -0.03269264742838079 -1054.130688775007 -0.042764277526166426 25703.92602625054 87065.27980634125 24649.795337475534 84549.39971190391
22 -3015.627978245335 -0.02700961685872671 -897.2286937600147 -0.03515284204828174 26420.87462052999 88244.9109300541 25523.645926769976 86126.51164556878
23 -3548.114257782232 -0.031083866062743354 -950.1436651004624 -0.03585882100531908 27446.9340910747 90247.67181032414 26496.79042597424 87649.70121764237
24 -3376.87953103146 -0.02893482021557933 -1001.9388751813531 -0.036660331061018826 28332.266948697343 91751.041233764 27330.32807351599 89376.1005779139
25 -2819.1371985113947 -0.023655854376154035 -709.0556994774342 -0.024983795716305594 29089.6791855505 92902.37621257527 28380.623486073066 90792.29471354131
26 -3441.6842530446884 -0.02840696894448192 -746.2380337857248 -0.025435790746727596 30084.3483058924 94513.67120316131 29338.110272106675 91818.22498390236
27 -3097.4420375204063 -0.025104424457945477 -769.936332936184 -0.025518531165487208 30941.59190132141 95538.16637727398 30171.655568385228 93210.66067268977
28 -2956.5357617661793 -0.02363836353508909 -716.9241287491786 -0.02317095276051695 31657.565031992897 96372.59341847844 30940.64090324372 94132.98178546144
29 -3475.2048322235787 -0.027461115120308317 -844.0928647080218 -0.02659430181848192 32583.706503348945 97441.52432011926 31739.613638640923 94810.41235260371
30 -3308.830206185623 -0.025792848090515408 -885.7178300007581 -0.027228201592401555 33415.146077216734 98178.47821506098 32529.428247215976 95755.36583887611
31 -3178.4522669006255 -0.024583824687841614 -765.6251321496748 -0.02300491036881906 34046.56906433756 98422.27260533927 33280.94393218788 96009.44547058831
32 -3269.066465316675 -0.02498070194397073 -732.9444412242301 -0.021455080356264162 34894.75735702788 99237.98430239949 34161.812915803646 96701.86227830705
33 -3246.7947506301134 -0.024640452048200874 -841.0323730431774 -0.024235206593887445 35543.94979134572 99469.69502676027 34702.917418302546 97063.93264917334
34 -3089.123047817746 -0.023323249499307766 -775.4370640859925 -0.02201043123494897 36005.87193419999 99531.47827464995 35230.434870114 97217.7922909182
35 -3187.7782276523794 -0.02395537706528844 -745.3339569276213 -0.020824820882734723 36535.987865771414 99723.30157058989 35790.65390884379 97280.85729986514
36 -2781.549391656401 -0.020727705494287922 -728.2120973260244 -0.02006778777328727 37015.824142703816 99960.48175120664 36287.61204537779 97907.14445687627
37 -3005.189288960857 -0.02234407274068757 -677.1654034771709 -0.018464547868468274 37350.97991011665 100150.24883581125 36673.81450663948 97822.22495032754
38 -3107.109177802311 -0.023014010645665776 -700.2962234370643 -0.01890571619445884 37741.803470981446 100374.76692767383 37041.50724754438 97967.95397330858
39 -2862.92454075806 -0.021144175287248906 -709.6508302598595 -0.019042201950173754 37976.91814087591 100286.15806645296 37267.26731061605 98132.88435595474
40 -3003.800585761579 -0.02212857191772958 -701.0051394105394 -0.01866799380757831 38252.18212372928 100494.70197095547 37551.17698431874 98191.90652460445
41 -3193.7974108483177 -0.023486652190014185 -758.2100004190943 -0.020042087564198466 38589.09952180299 100588.20822544923 37830.8895213839 98152.62081502
42 -3271.023868909062 -0.0241283739117825 -888.7386987225982 -0.02348013351014152 38739.40502218004 100099.14116996928 37850.666323457444 97716.85599978283
43 -3252.251036665504 -0.024026078568187826 -929.829539370854 -0.024484874559928867 38905.50048246738 99710.12362547858 37975.67094309653 97387.70212818393
44 -3230.5606741473603 -0.023830727949705092 -1003.91714153043 -0.02627035624499248 39218.74499419008 99574.63528687318 38214.82785265965 97347.99175425626
45 -2930.35691211588 -0.021656633611863024 -844.5144311416443 -0.02192964493262567 39354.68793081487 98885.56823132551 38510.17349967323 96799.72575035127
46 -3040.5673953050427 -0.0225000364948354 -794.5470179668846 -0.020496285932837987 39559.961423798646 98616.71546194954 38765.41440583176 96370.69508461138
47 -2862.3647162868874 -0.021204177926900703 -813.6019800511858 -0.020869158066378016 39799.45744500967 98053.5079988605 38985.855464958484 96004.7452626248
48 -2832.4681867069885 -0.021056203636641246 -768.9591312255652 -0.01961682431826987 39967.92012255204 97383.96265501832 39198.96099132647 95320.4535995369
49 -2998.3998651650327 -0.02228429480518383 -765.1919765867788 -0.019383004286074843 40242.66230539998 97307.89150396513 39477.4703288132 95074.68361538688
50 -2941.7787703321083 -0.021937378445699193 -810.0755094037595 -0.020416449678569256 40487.66500989756 96553.03435907344 39677.5895004938 94421.33109814509
51 -2694.704049530934 -0.020119952824392447 -687.0607317744943 -0.01717145804406807 40698.84831622143 95927.78256486778 40011.78758444694 93920.13924711136
52 -2702.142329701208 -0.0202516345366109 -601.8929959293382 -0.014971297486458635 40805.021447136955 95325.47822410506 40203.128451207616 93225.22889033318
53 -2673.256443412596 -0.020115855816944098 -632.1558998807595 -0.015692844242554155 40915.22314441172 94651.0341108701 40283.06724453096 92609.93356733827
54 -2921.6780674250476 -0.022145470288410685 -747.0753378511436 -0.018602928301839863 40906.09362408818 93946.76627757588 40159.018286237035 91772.16354800198
55 -2803.3202441909234 -0.02136204347728305 -647.130713243474 -0.016111501069620202 40812.892453699904 93219.45778343373 40165.76174045643 91063.26825248626
56 -2670.8676246865507 -0.02050096488447611 -696.0896697240241 -0.01740670667642165 40685.82940991947 92265.13184631143 39989.739740195444 90290.35389134892
57 -2898.7896914503654 -0.022404166967815928 -755.0091250974074 -0.018986345831816506 40520.90888197402 91764.06578187633 39765.89975687661 89620.28521552337
58 -2760.1476077138504 -0.021488581010166413 -688.9034869267052 -0.017419509408200178 40236.715700421424 90970.61073254865 39547.81221349472 88899.3666117615
59 -2719.2041799667204 -0.02133070069554951 -859.0702026431245 -0.021969700792755807 39961.56917369832 90236.06240429859 39102.498971055196 88375.92842697499
60 -2772.196423937203 -0.021945742932104995 -829.1963479279002 -0.0213774308641754 39617.59675003043 89475.06339726904 38788.40040210253 87532.06332125973
61 -2763.0420322115388 -0.022062478738714638 -823.0818506305513 -0.021378925385982822 39322.76486885224 88677.4304739267 38499.68301822169 86737.47029234572
62 -2561.8963669518416 -0.020575762335401385 -726.3910427781011 -0.018948768071761848 39060.86429334238 88011.43053131331 38334.47325056428 86175.92520713956
63 -2538.399701744769 -0.020528440430826876 -758.7095889944758 -0.01995994855003588 38770.31002436293 87420.91709494535 38011.600435368455 85641.22698219506
64 -2429.087982434168 -0.01976805774679096 -675.2071292609471 -0.01784848828303869 38505.14087791306 86803.39300397945 37829.93374865211 85049.51215080623
65 -2428.244225913484 -0.0198879511102168 -655.5157705792153 -0.017437021509008253 38248.849600015914 86275.64337753752 37593.3338294367 84502.91492220324
66 -2301.864683303429 -0.018975144756927912 -609.9654813187954 -0.016328091660295828 37966.77937047748 85644.55160625212 37356.813889158686 83952.65240426749
67 -2470.2016358566616 -0.02045231305190355 -558.6009057617775 -0.01500507650377942 37786.06226666049 85462.73441552778 37227.46136089871 83551.1336854329
68 -2229.9404753114795 -0.018553970712650865 -472.13987617033854 -0.0127415310767637 37527.33154237159 84889.3069636215 37055.19166620125 83131.50636448034
69 -2305.1604979322583 -0.01931057203165442 -451.60479000536 -0.012265384016464317 37271.06265607403 84407.07623698688 36819.45786606867 82553.52052905997
70 -2252.0042533826927 -0.01900068003617295 -464.6147669067577 -0.012721662070264499 36986.16079922467 83788.14102958121 36521.546032317914 82000.75154310527
71 -2109.9502897019265 -0.017964841244777346 -359.6842886178565 -0.009913096183326982 36643.43277305364 82915.38672473669 36283.74848443578 81165.12072365261
72 -2279.641247534106 -0.019562603485790406 -423.4014951593126 -0.011772011156325965 36390.19506481949 82420.01171761173 35966.79356966018 80563.77196523694
73 -2201.6057596897735 -0.01904783564669316 -399.73188978437247 -0.011196321971781248 36101.80358724362 81682.79020982918 35702.07169745925 79880.91633992377
74 -2074.830070293174 -0.017998353869714843 -217.04518865886348 -0.006080264855064138 35913.71200048214 81439.99775582571 35696.66681182328 79582.21287419139
75 -2300.2954703453725 -0.020174389126908093 -246.15385342595982 -0.00696176595305921 35604.11548064677 80716.75607134543 35357.96162722081 78662.61445442602
76 -2300.4366510729305 -0.020377358231458628 -383.00288213667955 -0.01097089596648112 35293.81447918863 79898.42222482293 34910.81159705195 77980.98845588668
77 -1996.350862867359 -0.01781063937868763 -318.33324471573724 -0.009187408501946048 34967.19474339721 79116.70224407532 34648.86149868147 77438.68462592369
78 -1997.3967307714775 -0.017942515137028762 -344.83232646185206 -0.010029420314032755 34726.91181508162 78592.4882980006 34382.07948861977 76939.92389369097
79 -2236.499624489894 -0.02025980613048237 -395.74698989220633 -0.011601477397865274 34507.52226818785 78119.94605984337 34111.775278295645 76279.19342524568
